* File name: U:\Bureau\4AE-SE\TP_EMCA\Projet EMCA\voltage_ref_EMCA\DSCH\voltage_ref_v2.sch
Transient Analysis  Wed Dec 14 11:53:45  2022
--------------------------------------------------------------------------------
Index   time            v(2)            
--------------------------------------------------------------------------------
0	 0.000000e+00	 2.026974e+00	
1	 1.000000e-11	 2.026974e+00	
2	 2.000000e-11	 2.026974e+00	
3	 4.000000e-11	 2.026974e+00	
4	 8.000000e-11	 2.026974e+00	
5	 1.600000e-10	 2.026974e+00	
6	 3.200000e-10	 2.026974e+00	
7	 6.400000e-10	 2.026974e+00	
8	 1.280000e-09	 2.026974e+00	
9	 2.280000e-09	 2.026974e+00	
10	 3.280000e-09	 2.026974e+00	
11	 4.280000e-09	 2.026974e+00	
12	 5.280000e-09	 2.026974e+00	
13	 6.280000e-09	 2.026974e+00	
14	 7.280000e-09	 2.026974e+00	
15	 8.280000e-09	 2.026974e+00	
16	 9.280000e-09	 2.026974e+00	
17	 1.028000e-08	 2.026974e+00	
18	 1.128000e-08	 2.026974e+00	
19	 1.228000e-08	 2.026974e+00	
20	 1.328000e-08	 2.026974e+00	
21	 1.428000e-08	 2.026974e+00	
22	 1.528000e-08	 2.026974e+00	
23	 1.628000e-08	 2.026974e+00	
24	 1.728000e-08	 2.026974e+00	
25	 1.828000e-08	 2.026974e+00	
26	 1.928000e-08	 2.026974e+00	
27	 2.028000e-08	 2.026974e+00	
28	 2.128000e-08	 2.026974e+00	
29	 2.228000e-08	 2.026974e+00	
30	 2.328000e-08	 2.026974e+00	
31	 2.428000e-08	 2.026974e+00	
32	 2.528000e-08	 2.026974e+00	
33	 2.628000e-08	 2.026974e+00	
34	 2.728000e-08	 2.026974e+00	
35	 2.828000e-08	 2.026974e+00	
36	 2.928000e-08	 2.026974e+00	
37	 3.028000e-08	 2.026974e+00	
38	 3.128000e-08	 2.026974e+00	
39	 3.228000e-08	 2.026974e+00	
40	 3.328000e-08	 2.026974e+00	
41	 3.428000e-08	 2.026974e+00	
42	 3.528000e-08	 2.026974e+00	
43	 3.628000e-08	 2.026974e+00	
44	 3.728000e-08	 2.026974e+00	
45	 3.828000e-08	 2.026974e+00	
46	 3.928000e-08	 2.026974e+00	
47	 4.028000e-08	 2.026974e+00	
48	 4.128000e-08	 2.026974e+00	
49	 4.228000e-08	 2.026974e+00	
50	 4.328000e-08	 2.026974e+00	
51	 4.428000e-08	 2.026974e+00	
52	 4.528000e-08	 2.026974e+00	
53	 4.628000e-08	 2.026974e+00	
54	 4.728000e-08	 2.026974e+00	

Index   time            v(2)            
--------------------------------------------------------------------------------
55	 4.828000e-08	 2.026974e+00	
56	 4.928000e-08	 2.026974e+00	
57	 5.028000e-08	 2.026974e+00	
58	 5.128000e-08	 2.026974e+00	
59	 5.228000e-08	 2.026974e+00	
60	 5.328000e-08	 2.026974e+00	
61	 5.428000e-08	 2.026974e+00	
62	 5.528000e-08	 2.026974e+00	
63	 5.628000e-08	 2.026974e+00	
64	 5.728000e-08	 2.026974e+00	
65	 5.828000e-08	 2.026974e+00	
66	 5.928000e-08	 2.026974e+00	
67	 6.028000e-08	 2.026974e+00	
68	 6.128000e-08	 2.026974e+00	
69	 6.228000e-08	 2.026974e+00	
70	 6.328000e-08	 2.026974e+00	
71	 6.428000e-08	 2.026974e+00	
72	 6.528000e-08	 2.026974e+00	
73	 6.628000e-08	 2.026974e+00	
74	 6.728000e-08	 2.026974e+00	
75	 6.828000e-08	 2.026974e+00	
76	 6.928000e-08	 2.026974e+00	
77	 7.028000e-08	 2.026974e+00	
78	 7.128000e-08	 2.026974e+00	
79	 7.228000e-08	 2.026974e+00	
80	 7.328000e-08	 2.026974e+00	
81	 7.428000e-08	 2.026974e+00	
82	 7.528000e-08	 2.026974e+00	
83	 7.628000e-08	 2.026974e+00	
84	 7.728000e-08	 2.026974e+00	
85	 7.828000e-08	 2.026974e+00	
86	 7.928000e-08	 2.026974e+00	
87	 8.028000e-08	 2.026974e+00	
88	 8.128000e-08	 2.026974e+00	
89	 8.228000e-08	 2.026974e+00	
90	 8.328000e-08	 2.026974e+00	
91	 8.428000e-08	 2.026974e+00	
92	 8.528000e-08	 2.026974e+00	
93	 8.628000e-08	 2.026974e+00	
94	 8.728000e-08	 2.026974e+00	
95	 8.828000e-08	 2.026974e+00	
96	 8.928000e-08	 2.026974e+00	
97	 9.028000e-08	 2.026974e+00	
98	 9.128000e-08	 2.026974e+00	
99	 9.228000e-08	 2.026974e+00	
100	 9.328000e-08	 2.026974e+00	
101	 9.428000e-08	 2.026974e+00	
102	 9.528000e-08	 2.026974e+00	
103	 9.628000e-08	 2.026974e+00	
104	 9.728000e-08	 2.026974e+00	
105	 9.828000e-08	 2.026974e+00	
106	 9.928000e-08	 2.026974e+00	
107	 1.000000e-07	 2.026974e+00	
108	 0.000000e+00	 2.035228e+00	
109	 1.000000e-11	 2.035228e+00	
110	 2.000000e-11	 2.035228e+00	
111	 4.000000e-11	 2.035228e+00	
112	 8.000000e-11	 2.035228e+00	

Index   time            v(2)            
--------------------------------------------------------------------------------
113	 1.600000e-10	 2.035228e+00	
114	 3.200000e-10	 2.035228e+00	
115	 6.400000e-10	 2.035228e+00	
116	 1.280000e-09	 2.035228e+00	
117	 2.280000e-09	 2.035228e+00	
118	 3.280000e-09	 2.035228e+00	
119	 4.280000e-09	 2.035228e+00	
120	 5.280000e-09	 2.035228e+00	
121	 6.280000e-09	 2.035228e+00	
122	 7.280000e-09	 2.035228e+00	
123	 8.280000e-09	 2.035228e+00	
124	 9.280000e-09	 2.035228e+00	
125	 1.028000e-08	 2.035228e+00	
126	 1.128000e-08	 2.035228e+00	
127	 1.228000e-08	 2.035228e+00	
128	 1.328000e-08	 2.035228e+00	
129	 1.428000e-08	 2.035228e+00	
130	 1.528000e-08	 2.035228e+00	
131	 1.628000e-08	 2.035228e+00	
132	 1.728000e-08	 2.035228e+00	
133	 1.828000e-08	 2.035228e+00	
134	 1.928000e-08	 2.035228e+00	
135	 2.028000e-08	 2.035228e+00	
136	 2.128000e-08	 2.035228e+00	
137	 2.228000e-08	 2.035228e+00	
138	 2.328000e-08	 2.035228e+00	
139	 2.428000e-08	 2.035228e+00	
140	 2.528000e-08	 2.035228e+00	
141	 2.628000e-08	 2.035228e+00	
142	 2.728000e-08	 2.035228e+00	
143	 2.828000e-08	 2.035228e+00	
144	 2.928000e-08	 2.035228e+00	
145	 3.028000e-08	 2.035228e+00	
146	 3.128000e-08	 2.035228e+00	
147	 3.228000e-08	 2.035228e+00	
148	 3.328000e-08	 2.035228e+00	
149	 3.428000e-08	 2.035228e+00	
150	 3.528000e-08	 2.035228e+00	
151	 3.628000e-08	 2.035228e+00	
152	 3.728000e-08	 2.035228e+00	
153	 3.828000e-08	 2.035228e+00	
154	 3.928000e-08	 2.035228e+00	
155	 4.028000e-08	 2.035228e+00	
156	 4.128000e-08	 2.035228e+00	
157	 4.228000e-08	 2.035228e+00	
158	 4.328000e-08	 2.035228e+00	
159	 4.428000e-08	 2.035228e+00	
160	 4.528000e-08	 2.035228e+00	
161	 4.628000e-08	 2.035228e+00	
162	 4.728000e-08	 2.035228e+00	
163	 4.828000e-08	 2.035228e+00	
164	 4.928000e-08	 2.035228e+00	
165	 5.028000e-08	 2.035228e+00	
166	 5.128000e-08	 2.035228e+00	
167	 5.228000e-08	 2.035228e+00	
168	 5.328000e-08	 2.035228e+00	
169	 5.428000e-08	 2.035228e+00	
170	 5.528000e-08	 2.035228e+00	

Index   time            v(2)            
--------------------------------------------------------------------------------
171	 5.628000e-08	 2.035228e+00	
172	 5.728000e-08	 2.035228e+00	
173	 5.828000e-08	 2.035228e+00	
174	 5.928000e-08	 2.035228e+00	
175	 6.028000e-08	 2.035228e+00	
176	 6.128000e-08	 2.035228e+00	
177	 6.228000e-08	 2.035228e+00	
178	 6.328000e-08	 2.035228e+00	
179	 6.428000e-08	 2.035228e+00	
180	 6.528000e-08	 2.035228e+00	
181	 6.628000e-08	 2.035228e+00	
182	 6.728000e-08	 2.035228e+00	
183	 6.828000e-08	 2.035228e+00	
184	 6.928000e-08	 2.035228e+00	
185	 7.028000e-08	 2.035228e+00	
186	 7.128000e-08	 2.035228e+00	
187	 7.228000e-08	 2.035228e+00	
188	 7.328000e-08	 2.035228e+00	
189	 7.428000e-08	 2.035228e+00	
190	 7.528000e-08	 2.035228e+00	
191	 7.628000e-08	 2.035228e+00	
192	 7.728000e-08	 2.035228e+00	
193	 7.828000e-08	 2.035228e+00	
194	 7.928000e-08	 2.035228e+00	
195	 8.028000e-08	 2.035228e+00	
196	 8.128000e-08	 2.035228e+00	
197	 8.228000e-08	 2.035228e+00	
198	 8.328000e-08	 2.035228e+00	
199	 8.428000e-08	 2.035228e+00	
200	 8.528000e-08	 2.035228e+00	
201	 8.628000e-08	 2.035228e+00	
202	 8.728000e-08	 2.035228e+00	
203	 8.828000e-08	 2.035228e+00	
204	 8.928000e-08	 2.035228e+00	
205	 9.028000e-08	 2.035228e+00	
206	 9.128000e-08	 2.035228e+00	
207	 9.228000e-08	 2.035228e+00	
208	 9.328000e-08	 2.035228e+00	
209	 9.428000e-08	 2.035228e+00	
210	 9.528000e-08	 2.035228e+00	
211	 9.628000e-08	 2.035228e+00	
212	 9.728000e-08	 2.035228e+00	
213	 9.828000e-08	 2.035228e+00	
214	 9.928000e-08	 2.035228e+00	
215	 1.000000e-07	 2.035228e+00	
216	 0.000000e+00	 2.043623e+00	
217	 1.000000e-11	 2.043623e+00	
218	 2.000000e-11	 2.043623e+00	
219	 4.000000e-11	 2.043623e+00	
220	 8.000000e-11	 2.043623e+00	
221	 1.600000e-10	 2.043623e+00	
222	 3.200000e-10	 2.043623e+00	
223	 6.400000e-10	 2.043623e+00	
224	 1.280000e-09	 2.043623e+00	
225	 2.280000e-09	 2.043623e+00	
226	 3.280000e-09	 2.043623e+00	
227	 4.280000e-09	 2.043623e+00	
228	 5.280000e-09	 2.043623e+00	

Index   time            v(2)            
--------------------------------------------------------------------------------
229	 6.280000e-09	 2.043623e+00	
230	 7.280000e-09	 2.043623e+00	
231	 8.280000e-09	 2.043623e+00	
232	 9.280000e-09	 2.043623e+00	
233	 1.028000e-08	 2.043623e+00	
234	 1.128000e-08	 2.043623e+00	
235	 1.228000e-08	 2.043623e+00	
236	 1.328000e-08	 2.043623e+00	
237	 1.428000e-08	 2.043623e+00	
238	 1.528000e-08	 2.043623e+00	
239	 1.628000e-08	 2.043623e+00	
240	 1.728000e-08	 2.043623e+00	
241	 1.828000e-08	 2.043623e+00	
242	 1.928000e-08	 2.043623e+00	
243	 2.028000e-08	 2.043623e+00	
244	 2.128000e-08	 2.043623e+00	
245	 2.228000e-08	 2.043623e+00	
246	 2.328000e-08	 2.043623e+00	
247	 2.428000e-08	 2.043623e+00	
248	 2.528000e-08	 2.043623e+00	
249	 2.628000e-08	 2.043623e+00	
250	 2.728000e-08	 2.043623e+00	
251	 2.828000e-08	 2.043623e+00	
252	 2.928000e-08	 2.043623e+00	
253	 3.028000e-08	 2.043623e+00	
254	 3.128000e-08	 2.043623e+00	
255	 3.228000e-08	 2.043623e+00	
256	 3.328000e-08	 2.043623e+00	
257	 3.428000e-08	 2.043623e+00	
258	 3.528000e-08	 2.043623e+00	
259	 3.628000e-08	 2.043623e+00	
260	 3.728000e-08	 2.043623e+00	
261	 3.828000e-08	 2.043623e+00	
262	 3.928000e-08	 2.043623e+00	
263	 4.028000e-08	 2.043623e+00	
264	 4.128000e-08	 2.043623e+00	
265	 4.228000e-08	 2.043623e+00	
266	 4.328000e-08	 2.043623e+00	
267	 4.428000e-08	 2.043623e+00	
268	 4.528000e-08	 2.043623e+00	
269	 4.628000e-08	 2.043623e+00	
270	 4.728000e-08	 2.043623e+00	
271	 4.828000e-08	 2.043623e+00	
272	 4.928000e-08	 2.043623e+00	
273	 5.028000e-08	 2.043623e+00	
274	 5.128000e-08	 2.043623e+00	
275	 5.228000e-08	 2.043623e+00	
276	 5.328000e-08	 2.043623e+00	
277	 5.428000e-08	 2.043623e+00	
278	 5.528000e-08	 2.043623e+00	
279	 5.628000e-08	 2.043623e+00	
280	 5.728000e-08	 2.043623e+00	
281	 5.828000e-08	 2.043623e+00	
282	 5.928000e-08	 2.043623e+00	
283	 6.028000e-08	 2.043623e+00	
284	 6.128000e-08	 2.043623e+00	
285	 6.228000e-08	 2.043623e+00	
286	 6.328000e-08	 2.043623e+00	

Index   time            v(2)            
--------------------------------------------------------------------------------
287	 6.428000e-08	 2.043623e+00	
288	 6.528000e-08	 2.043623e+00	
289	 6.628000e-08	 2.043623e+00	
290	 6.728000e-08	 2.043623e+00	
291	 6.828000e-08	 2.043623e+00	
292	 6.928000e-08	 2.043623e+00	
293	 7.028000e-08	 2.043623e+00	
294	 7.128000e-08	 2.043623e+00	
295	 7.228000e-08	 2.043623e+00	
296	 7.328000e-08	 2.043623e+00	
297	 7.428000e-08	 2.043623e+00	
298	 7.528000e-08	 2.043623e+00	
299	 7.628000e-08	 2.043623e+00	
300	 7.728000e-08	 2.043623e+00	
301	 7.828000e-08	 2.043623e+00	
302	 7.928000e-08	 2.043623e+00	
303	 8.028000e-08	 2.043623e+00	
304	 8.128000e-08	 2.043623e+00	
305	 8.228000e-08	 2.043623e+00	
306	 8.328000e-08	 2.043623e+00	
307	 8.428000e-08	 2.043623e+00	
308	 8.528000e-08	 2.043623e+00	
309	 8.628000e-08	 2.043623e+00	
310	 8.728000e-08	 2.043623e+00	
311	 8.828000e-08	 2.043623e+00	
312	 8.928000e-08	 2.043623e+00	
313	 9.028000e-08	 2.043623e+00	
314	 9.128000e-08	 2.043623e+00	
315	 9.228000e-08	 2.043623e+00	
316	 9.328000e-08	 2.043623e+00	
317	 9.428000e-08	 2.043623e+00	
318	 9.528000e-08	 2.043623e+00	
319	 9.628000e-08	 2.043623e+00	
320	 9.728000e-08	 2.043623e+00	
321	 9.828000e-08	 2.043623e+00	
322	 9.928000e-08	 2.043623e+00	
323	 1.000000e-07	 2.043623e+00	
324	 0.000000e+00	 2.052166e+00	
325	 1.000000e-11	 2.052166e+00	
326	 2.000000e-11	 2.052166e+00	
327	 4.000000e-11	 2.052166e+00	
328	 8.000000e-11	 2.052166e+00	
329	 1.600000e-10	 2.052166e+00	
330	 3.200000e-10	 2.052166e+00	
331	 6.400000e-10	 2.052166e+00	
332	 1.280000e-09	 2.052166e+00	
333	 2.280000e-09	 2.052166e+00	
334	 3.280000e-09	 2.052166e+00	
335	 4.280000e-09	 2.052166e+00	
336	 5.280000e-09	 2.052166e+00	
337	 6.280000e-09	 2.052166e+00	
338	 7.280000e-09	 2.052166e+00	
339	 8.280000e-09	 2.052166e+00	
340	 9.280000e-09	 2.052166e+00	
341	 1.028000e-08	 2.052166e+00	
342	 1.128000e-08	 2.052166e+00	
343	 1.228000e-08	 2.052166e+00	
344	 1.328000e-08	 2.052166e+00	

Index   time            v(2)            
--------------------------------------------------------------------------------
345	 1.428000e-08	 2.052166e+00	
346	 1.528000e-08	 2.052166e+00	
347	 1.628000e-08	 2.052166e+00	
348	 1.728000e-08	 2.052166e+00	
349	 1.828000e-08	 2.052166e+00	
350	 1.928000e-08	 2.052166e+00	
351	 2.028000e-08	 2.052166e+00	
352	 2.128000e-08	 2.052166e+00	
353	 2.228000e-08	 2.052166e+00	
354	 2.328000e-08	 2.052166e+00	
355	 2.428000e-08	 2.052166e+00	
356	 2.528000e-08	 2.052166e+00	
357	 2.628000e-08	 2.052166e+00	
358	 2.728000e-08	 2.052166e+00	
359	 2.828000e-08	 2.052166e+00	
360	 2.928000e-08	 2.052166e+00	
361	 3.028000e-08	 2.052166e+00	
362	 3.128000e-08	 2.052166e+00	
363	 3.228000e-08	 2.052166e+00	
364	 3.328000e-08	 2.052166e+00	
365	 3.428000e-08	 2.052166e+00	
366	 3.528000e-08	 2.052166e+00	
367	 3.628000e-08	 2.052166e+00	
368	 3.728000e-08	 2.052166e+00	
369	 3.828000e-08	 2.052166e+00	
370	 3.928000e-08	 2.052166e+00	
371	 4.028000e-08	 2.052166e+00	
372	 4.128000e-08	 2.052166e+00	
373	 4.228000e-08	 2.052166e+00	
374	 4.328000e-08	 2.052166e+00	
375	 4.428000e-08	 2.052166e+00	
376	 4.528000e-08	 2.052166e+00	
377	 4.628000e-08	 2.052166e+00	
378	 4.728000e-08	 2.052166e+00	
379	 4.828000e-08	 2.052166e+00	
380	 4.928000e-08	 2.052166e+00	
381	 5.028000e-08	 2.052166e+00	
382	 5.128000e-08	 2.052166e+00	
383	 5.228000e-08	 2.052166e+00	
384	 5.328000e-08	 2.052166e+00	
385	 5.428000e-08	 2.052166e+00	
386	 5.528000e-08	 2.052166e+00	
387	 5.628000e-08	 2.052166e+00	
388	 5.728000e-08	 2.052166e+00	
389	 5.828000e-08	 2.052166e+00	
390	 5.928000e-08	 2.052166e+00	
391	 6.028000e-08	 2.052166e+00	
392	 6.128000e-08	 2.052166e+00	
393	 6.228000e-08	 2.052166e+00	
394	 6.328000e-08	 2.052166e+00	
395	 6.428000e-08	 2.052166e+00	
396	 6.528000e-08	 2.052166e+00	
397	 6.628000e-08	 2.052166e+00	
398	 6.728000e-08	 2.052166e+00	
399	 6.828000e-08	 2.052166e+00	
400	 6.928000e-08	 2.052166e+00	
401	 7.028000e-08	 2.052166e+00	
402	 7.128000e-08	 2.052166e+00	

Index   time            v(2)            
--------------------------------------------------------------------------------
403	 7.228000e-08	 2.052166e+00	
404	 7.328000e-08	 2.052166e+00	
405	 7.428000e-08	 2.052166e+00	
406	 7.528000e-08	 2.052166e+00	
407	 7.628000e-08	 2.052166e+00	
408	 7.728000e-08	 2.052166e+00	
409	 7.828000e-08	 2.052166e+00	
410	 7.928000e-08	 2.052166e+00	
411	 8.028000e-08	 2.052166e+00	
412	 8.128000e-08	 2.052166e+00	
413	 8.228000e-08	 2.052166e+00	
414	 8.328000e-08	 2.052166e+00	
415	 8.428000e-08	 2.052166e+00	
416	 8.528000e-08	 2.052166e+00	
417	 8.628000e-08	 2.052166e+00	
418	 8.728000e-08	 2.052166e+00	
419	 8.828000e-08	 2.052166e+00	
420	 8.928000e-08	 2.052166e+00	
421	 9.028000e-08	 2.052166e+00	
422	 9.128000e-08	 2.052166e+00	
423	 9.228000e-08	 2.052166e+00	
424	 9.328000e-08	 2.052166e+00	
425	 9.428000e-08	 2.052166e+00	
426	 9.528000e-08	 2.052166e+00	
427	 9.628000e-08	 2.052166e+00	
428	 9.728000e-08	 2.052166e+00	
429	 9.828000e-08	 2.052166e+00	
430	 9.928000e-08	 2.052166e+00	
431	 1.000000e-07	 2.052166e+00	
432	 0.000000e+00	 2.060870e+00	
433	 1.000000e-11	 2.060870e+00	
434	 2.000000e-11	 2.060870e+00	
435	 4.000000e-11	 2.060870e+00	
436	 8.000000e-11	 2.060870e+00	
437	 1.600000e-10	 2.060870e+00	
438	 3.200000e-10	 2.060870e+00	
439	 6.400000e-10	 2.060870e+00	
440	 1.280000e-09	 2.060870e+00	
441	 2.280000e-09	 2.060870e+00	
442	 3.280000e-09	 2.060870e+00	
443	 4.280000e-09	 2.060870e+00	
444	 5.280000e-09	 2.060870e+00	
445	 6.280000e-09	 2.060870e+00	
446	 7.280000e-09	 2.060870e+00	
447	 8.280000e-09	 2.060870e+00	
448	 9.280000e-09	 2.060870e+00	
449	 1.028000e-08	 2.060870e+00	
450	 1.128000e-08	 2.060870e+00	
451	 1.228000e-08	 2.060870e+00	
452	 1.328000e-08	 2.060870e+00	
453	 1.428000e-08	 2.060870e+00	
454	 1.528000e-08	 2.060870e+00	
455	 1.628000e-08	 2.060870e+00	
456	 1.728000e-08	 2.060870e+00	
457	 1.828000e-08	 2.060870e+00	
458	 1.928000e-08	 2.060870e+00	
459	 2.028000e-08	 2.060870e+00	
460	 2.128000e-08	 2.060870e+00	

Index   time            v(2)            
--------------------------------------------------------------------------------
461	 2.228000e-08	 2.060870e+00	
462	 2.328000e-08	 2.060870e+00	
463	 2.428000e-08	 2.060870e+00	
464	 2.528000e-08	 2.060870e+00	
465	 2.628000e-08	 2.060870e+00	
466	 2.728000e-08	 2.060870e+00	
467	 2.828000e-08	 2.060870e+00	
468	 2.928000e-08	 2.060870e+00	
469	 3.028000e-08	 2.060870e+00	
470	 3.128000e-08	 2.060870e+00	
471	 3.228000e-08	 2.060870e+00	
472	 3.328000e-08	 2.060870e+00	
473	 3.428000e-08	 2.060870e+00	
474	 3.528000e-08	 2.060870e+00	
475	 3.628000e-08	 2.060870e+00	
476	 3.728000e-08	 2.060870e+00	
477	 3.828000e-08	 2.060870e+00	
478	 3.928000e-08	 2.060870e+00	
479	 4.028000e-08	 2.060870e+00	
480	 4.128000e-08	 2.060870e+00	
481	 4.228000e-08	 2.060870e+00	
482	 4.328000e-08	 2.060870e+00	
483	 4.428000e-08	 2.060870e+00	
484	 4.528000e-08	 2.060870e+00	
485	 4.628000e-08	 2.060870e+00	
486	 4.728000e-08	 2.060870e+00	
487	 4.828000e-08	 2.060870e+00	
488	 4.928000e-08	 2.060870e+00	
489	 5.028000e-08	 2.060870e+00	
490	 5.128000e-08	 2.060870e+00	
491	 5.228000e-08	 2.060870e+00	
492	 5.328000e-08	 2.060870e+00	
493	 5.428000e-08	 2.060870e+00	
494	 5.528000e-08	 2.060870e+00	
495	 5.628000e-08	 2.060870e+00	
496	 5.728000e-08	 2.060870e+00	
497	 5.828000e-08	 2.060870e+00	
498	 5.928000e-08	 2.060870e+00	
499	 6.028000e-08	 2.060870e+00	
500	 6.128000e-08	 2.060870e+00	
501	 6.228000e-08	 2.060870e+00	
502	 6.328000e-08	 2.060870e+00	
503	 6.428000e-08	 2.060870e+00	
504	 6.528000e-08	 2.060870e+00	
505	 6.628000e-08	 2.060870e+00	
506	 6.728000e-08	 2.060870e+00	
507	 6.828000e-08	 2.060870e+00	
508	 6.928000e-08	 2.060870e+00	
509	 7.028000e-08	 2.060870e+00	
510	 7.128000e-08	 2.060870e+00	
511	 7.228000e-08	 2.060870e+00	
512	 7.328000e-08	 2.060870e+00	
513	 7.428000e-08	 2.060870e+00	
514	 7.528000e-08	 2.060870e+00	
515	 7.628000e-08	 2.060870e+00	
516	 7.728000e-08	 2.060870e+00	
517	 7.828000e-08	 2.060870e+00	
518	 7.928000e-08	 2.060870e+00	

Index   time            v(2)            
--------------------------------------------------------------------------------
519	 8.028000e-08	 2.060870e+00	
520	 8.128000e-08	 2.060870e+00	
521	 8.228000e-08	 2.060870e+00	
522	 8.328000e-08	 2.060870e+00	
523	 8.428000e-08	 2.060870e+00	
524	 8.528000e-08	 2.060870e+00	
525	 8.628000e-08	 2.060870e+00	
526	 8.728000e-08	 2.060870e+00	
527	 8.828000e-08	 2.060870e+00	
528	 8.928000e-08	 2.060870e+00	
529	 9.028000e-08	 2.060870e+00	
530	 9.128000e-08	 2.060870e+00	
531	 9.228000e-08	 2.060870e+00	
532	 9.328000e-08	 2.060870e+00	
533	 9.428000e-08	 2.060870e+00	
534	 9.528000e-08	 2.060870e+00	
535	 9.628000e-08	 2.060870e+00	
536	 9.728000e-08	 2.060870e+00	
537	 9.828000e-08	 2.060870e+00	
538	 9.928000e-08	 2.060870e+00	
539	 1.000000e-07	 2.060870e+00	
540	 0.000000e+00	 2.069743e+00	
541	 1.000000e-11	 2.069743e+00	
542	 2.000000e-11	 2.069743e+00	
543	 4.000000e-11	 2.069743e+00	
544	 8.000000e-11	 2.069743e+00	
545	 1.600000e-10	 2.069743e+00	
546	 3.200000e-10	 2.069743e+00	
547	 6.400000e-10	 2.069743e+00	
548	 1.280000e-09	 2.069743e+00	
549	 2.280000e-09	 2.069743e+00	
550	 3.280000e-09	 2.069743e+00	
551	 4.280000e-09	 2.069743e+00	
552	 5.280000e-09	 2.069743e+00	
553	 6.280000e-09	 2.069743e+00	
554	 7.280000e-09	 2.069743e+00	
555	 8.280000e-09	 2.069743e+00	
556	 9.280000e-09	 2.069743e+00	
557	 1.028000e-08	 2.069743e+00	
558	 1.128000e-08	 2.069743e+00	
559	 1.228000e-08	 2.069743e+00	
560	 1.328000e-08	 2.069743e+00	
561	 1.428000e-08	 2.069743e+00	
562	 1.528000e-08	 2.069743e+00	
563	 1.628000e-08	 2.069743e+00	
564	 1.728000e-08	 2.069743e+00	
565	 1.828000e-08	 2.069743e+00	
566	 1.928000e-08	 2.069743e+00	
567	 2.028000e-08	 2.069743e+00	
568	 2.128000e-08	 2.069743e+00	
569	 2.228000e-08	 2.069743e+00	
570	 2.328000e-08	 2.069743e+00	
571	 2.428000e-08	 2.069743e+00	
572	 2.528000e-08	 2.069743e+00	
573	 2.628000e-08	 2.069743e+00	
574	 2.728000e-08	 2.069743e+00	
575	 2.828000e-08	 2.069743e+00	
576	 2.928000e-08	 2.069743e+00	

Index   time            v(2)            
--------------------------------------------------------------------------------
577	 3.028000e-08	 2.069743e+00	
578	 3.128000e-08	 2.069743e+00	
579	 3.228000e-08	 2.069743e+00	
580	 3.328000e-08	 2.069743e+00	
581	 3.428000e-08	 2.069743e+00	
582	 3.528000e-08	 2.069743e+00	
583	 3.628000e-08	 2.069743e+00	
584	 3.728000e-08	 2.069743e+00	
585	 3.828000e-08	 2.069743e+00	
586	 3.928000e-08	 2.069743e+00	
587	 4.028000e-08	 2.069743e+00	
588	 4.128000e-08	 2.069743e+00	
589	 4.228000e-08	 2.069743e+00	
590	 4.328000e-08	 2.069743e+00	
591	 4.428000e-08	 2.069743e+00	
592	 4.528000e-08	 2.069743e+00	
593	 4.628000e-08	 2.069743e+00	
594	 4.728000e-08	 2.069743e+00	
595	 4.828000e-08	 2.069743e+00	
596	 4.928000e-08	 2.069743e+00	
597	 5.028000e-08	 2.069743e+00	
598	 5.128000e-08	 2.069743e+00	
599	 5.228000e-08	 2.069743e+00	
600	 5.328000e-08	 2.069743e+00	
601	 5.428000e-08	 2.069743e+00	
602	 5.528000e-08	 2.069743e+00	
603	 5.628000e-08	 2.069743e+00	
604	 5.728000e-08	 2.069743e+00	
605	 5.828000e-08	 2.069743e+00	
606	 5.928000e-08	 2.069743e+00	
607	 6.028000e-08	 2.069743e+00	
608	 6.128000e-08	 2.069743e+00	
609	 6.228000e-08	 2.069743e+00	
610	 6.328000e-08	 2.069743e+00	
611	 6.428000e-08	 2.069743e+00	
612	 6.528000e-08	 2.069743e+00	
613	 6.628000e-08	 2.069743e+00	
614	 6.728000e-08	 2.069743e+00	
615	 6.828000e-08	 2.069743e+00	
616	 6.928000e-08	 2.069743e+00	
617	 7.028000e-08	 2.069743e+00	
618	 7.128000e-08	 2.069743e+00	
619	 7.228000e-08	 2.069743e+00	
620	 7.328000e-08	 2.069743e+00	
621	 7.428000e-08	 2.069743e+00	
622	 7.528000e-08	 2.069743e+00	
623	 7.628000e-08	 2.069743e+00	
624	 7.728000e-08	 2.069743e+00	
625	 7.828000e-08	 2.069743e+00	
626	 7.928000e-08	 2.069743e+00	
627	 8.028000e-08	 2.069743e+00	
628	 8.128000e-08	 2.069743e+00	
629	 8.228000e-08	 2.069743e+00	
630	 8.328000e-08	 2.069743e+00	
631	 8.428000e-08	 2.069743e+00	
632	 8.528000e-08	 2.069743e+00	
633	 8.628000e-08	 2.069743e+00	
634	 8.728000e-08	 2.069743e+00	

Index   time            v(2)            
--------------------------------------------------------------------------------
635	 8.828000e-08	 2.069743e+00	
636	 8.928000e-08	 2.069743e+00	
637	 9.028000e-08	 2.069743e+00	
638	 9.128000e-08	 2.069743e+00	
639	 9.228000e-08	 2.069743e+00	
640	 9.328000e-08	 2.069743e+00	
641	 9.428000e-08	 2.069743e+00	
642	 9.528000e-08	 2.069743e+00	
643	 9.628000e-08	 2.069743e+00	
644	 9.728000e-08	 2.069743e+00	
645	 9.828000e-08	 2.069743e+00	
646	 9.928000e-08	 2.069743e+00	
647	 1.000000e-07	 2.069743e+00	
648	 0.000000e+00	 2.078794e+00	
649	 1.000000e-11	 2.078794e+00	
650	 2.000000e-11	 2.078794e+00	
651	 4.000000e-11	 2.078794e+00	
652	 8.000000e-11	 2.078794e+00	
653	 1.600000e-10	 2.078794e+00	
654	 3.200000e-10	 2.078794e+00	
655	 6.400000e-10	 2.078794e+00	
656	 1.280000e-09	 2.078794e+00	
657	 2.280000e-09	 2.078794e+00	
658	 3.280000e-09	 2.078794e+00	
659	 4.280000e-09	 2.078794e+00	
660	 5.280000e-09	 2.078794e+00	
661	 6.280000e-09	 2.078794e+00	
662	 7.280000e-09	 2.078794e+00	
663	 8.280000e-09	 2.078794e+00	
664	 9.280000e-09	 2.078794e+00	
665	 1.028000e-08	 2.078794e+00	
666	 1.128000e-08	 2.078794e+00	
667	 1.228000e-08	 2.078794e+00	
668	 1.328000e-08	 2.078794e+00	
669	 1.428000e-08	 2.078794e+00	
670	 1.528000e-08	 2.078794e+00	
671	 1.628000e-08	 2.078794e+00	
672	 1.728000e-08	 2.078794e+00	
673	 1.828000e-08	 2.078794e+00	
674	 1.928000e-08	 2.078794e+00	
675	 2.028000e-08	 2.078794e+00	
676	 2.128000e-08	 2.078794e+00	
677	 2.228000e-08	 2.078794e+00	
678	 2.328000e-08	 2.078794e+00	
679	 2.428000e-08	 2.078794e+00	
680	 2.528000e-08	 2.078794e+00	
681	 2.628000e-08	 2.078794e+00	
682	 2.728000e-08	 2.078794e+00	
683	 2.828000e-08	 2.078794e+00	
684	 2.928000e-08	 2.078794e+00	
685	 3.028000e-08	 2.078794e+00	
686	 3.128000e-08	 2.078794e+00	
687	 3.228000e-08	 2.078794e+00	
688	 3.328000e-08	 2.078794e+00	
689	 3.428000e-08	 2.078794e+00	
690	 3.528000e-08	 2.078794e+00	
691	 3.628000e-08	 2.078794e+00	
692	 3.728000e-08	 2.078794e+00	

Index   time            v(2)            
--------------------------------------------------------------------------------
693	 3.828000e-08	 2.078794e+00	
694	 3.928000e-08	 2.078794e+00	
695	 4.028000e-08	 2.078794e+00	
696	 4.128000e-08	 2.078794e+00	
697	 4.228000e-08	 2.078794e+00	
698	 4.328000e-08	 2.078794e+00	
699	 4.428000e-08	 2.078794e+00	
700	 4.528000e-08	 2.078794e+00	
701	 4.628000e-08	 2.078794e+00	
702	 4.728000e-08	 2.078794e+00	
703	 4.828000e-08	 2.078794e+00	
704	 4.928000e-08	 2.078794e+00	
705	 5.028000e-08	 2.078794e+00	
706	 5.128000e-08	 2.078794e+00	
707	 5.228000e-08	 2.078794e+00	
708	 5.328000e-08	 2.078794e+00	
709	 5.428000e-08	 2.078794e+00	
710	 5.528000e-08	 2.078794e+00	
711	 5.628000e-08	 2.078794e+00	
712	 5.728000e-08	 2.078794e+00	
713	 5.828000e-08	 2.078794e+00	
714	 5.928000e-08	 2.078794e+00	
715	 6.028000e-08	 2.078794e+00	
716	 6.128000e-08	 2.078794e+00	
717	 6.228000e-08	 2.078794e+00	
718	 6.328000e-08	 2.078794e+00	
719	 6.428000e-08	 2.078794e+00	
720	 6.528000e-08	 2.078794e+00	
721	 6.628000e-08	 2.078794e+00	
722	 6.728000e-08	 2.078794e+00	
723	 6.828000e-08	 2.078794e+00	
724	 6.928000e-08	 2.078794e+00	
725	 7.028000e-08	 2.078794e+00	
726	 7.128000e-08	 2.078794e+00	
727	 7.228000e-08	 2.078794e+00	
728	 7.328000e-08	 2.078794e+00	
729	 7.428000e-08	 2.078794e+00	
730	 7.528000e-08	 2.078794e+00	
731	 7.628000e-08	 2.078794e+00	
732	 7.728000e-08	 2.078794e+00	
733	 7.828000e-08	 2.078794e+00	
734	 7.928000e-08	 2.078794e+00	
735	 8.028000e-08	 2.078794e+00	
736	 8.128000e-08	 2.078794e+00	
737	 8.228000e-08	 2.078794e+00	
738	 8.328000e-08	 2.078794e+00	
739	 8.428000e-08	 2.078794e+00	
740	 8.528000e-08	 2.078794e+00	
741	 8.628000e-08	 2.078794e+00	
742	 8.728000e-08	 2.078794e+00	
743	 8.828000e-08	 2.078794e+00	
744	 8.928000e-08	 2.078794e+00	
745	 9.028000e-08	 2.078794e+00	
746	 9.128000e-08	 2.078794e+00	
747	 9.228000e-08	 2.078794e+00	
748	 9.328000e-08	 2.078794e+00	
749	 9.428000e-08	 2.078794e+00	
750	 9.528000e-08	 2.078794e+00	

Index   time            v(2)            
--------------------------------------------------------------------------------
751	 9.628000e-08	 2.078794e+00	
752	 9.728000e-08	 2.078794e+00	
753	 9.828000e-08	 2.078794e+00	
754	 9.928000e-08	 2.078794e+00	
755	 1.000000e-07	 2.078794e+00	
756	 0.000000e+00	 2.095181e+00	
757	 1.000000e-11	 2.095181e+00	
758	 2.000000e-11	 2.095181e+00	
759	 4.000000e-11	 2.095181e+00	
760	 8.000000e-11	 2.095181e+00	
761	 1.600000e-10	 2.095181e+00	
762	 3.200000e-10	 2.095181e+00	
763	 6.400000e-10	 2.095181e+00	
764	 1.280000e-09	 2.095181e+00	
765	 2.280000e-09	 2.095181e+00	
766	 3.280000e-09	 2.095181e+00	
767	 4.280000e-09	 2.095181e+00	
768	 5.280000e-09	 2.095181e+00	
769	 6.280000e-09	 2.095181e+00	
770	 7.280000e-09	 2.095181e+00	
771	 8.280000e-09	 2.095181e+00	
772	 9.280000e-09	 2.095181e+00	
773	 1.028000e-08	 2.095181e+00	
774	 1.128000e-08	 2.095181e+00	
775	 1.228000e-08	 2.095181e+00	
776	 1.328000e-08	 2.095181e+00	
777	 1.428000e-08	 2.095181e+00	
778	 1.528000e-08	 2.095181e+00	
779	 1.628000e-08	 2.095181e+00	
780	 1.728000e-08	 2.095181e+00	
781	 1.828000e-08	 2.095181e+00	
782	 1.928000e-08	 2.095181e+00	
783	 2.028000e-08	 2.095181e+00	
784	 2.128000e-08	 2.095181e+00	
785	 2.228000e-08	 2.095181e+00	
786	 2.328000e-08	 2.095181e+00	
787	 2.428000e-08	 2.095181e+00	
788	 2.528000e-08	 2.095181e+00	
789	 2.628000e-08	 2.095181e+00	
790	 2.728000e-08	 2.095181e+00	
791	 2.828000e-08	 2.095181e+00	
792	 2.928000e-08	 2.095181e+00	
793	 3.028000e-08	 2.095181e+00	
794	 3.128000e-08	 2.095181e+00	
795	 3.228000e-08	 2.095181e+00	
796	 3.328000e-08	 2.095181e+00	
797	 3.428000e-08	 2.095181e+00	
798	 3.528000e-08	 2.095181e+00	
799	 3.628000e-08	 2.095181e+00	
800	 3.728000e-08	 2.095181e+00	
801	 3.828000e-08	 2.095181e+00	
802	 3.928000e-08	 2.095181e+00	
803	 4.028000e-08	 2.095181e+00	
804	 4.128000e-08	 2.095181e+00	
805	 4.228000e-08	 2.095181e+00	
806	 4.328000e-08	 2.095181e+00	
807	 4.428000e-08	 2.095181e+00	
808	 4.528000e-08	 2.095181e+00	

Index   time            v(2)            
--------------------------------------------------------------------------------
809	 4.628000e-08	 2.095181e+00	
810	 4.728000e-08	 2.095181e+00	
811	 4.828000e-08	 2.095181e+00	
812	 4.928000e-08	 2.095181e+00	
813	 5.028000e-08	 2.095181e+00	
814	 5.128000e-08	 2.095181e+00	
815	 5.228000e-08	 2.095181e+00	
816	 5.328000e-08	 2.095181e+00	
817	 5.428000e-08	 2.095181e+00	
818	 5.528000e-08	 2.095181e+00	
819	 5.628000e-08	 2.095181e+00	
820	 5.728000e-08	 2.095181e+00	
821	 5.828000e-08	 2.095181e+00	
822	 5.928000e-08	 2.095181e+00	
823	 6.028000e-08	 2.095181e+00	
824	 6.128000e-08	 2.095181e+00	
825	 6.228000e-08	 2.095181e+00	
826	 6.328000e-08	 2.095181e+00	
827	 6.428000e-08	 2.095181e+00	
828	 6.528000e-08	 2.095181e+00	
829	 6.628000e-08	 2.095181e+00	
830	 6.728000e-08	 2.095181e+00	
831	 6.828000e-08	 2.095181e+00	
832	 6.928000e-08	 2.095181e+00	
833	 7.028000e-08	 2.095181e+00	
834	 7.128000e-08	 2.095181e+00	
835	 7.228000e-08	 2.095181e+00	
836	 7.328000e-08	 2.095181e+00	
837	 7.428000e-08	 2.095181e+00	
838	 7.528000e-08	 2.095181e+00	
839	 7.628000e-08	 2.095181e+00	
840	 7.728000e-08	 2.095181e+00	
841	 7.828000e-08	 2.095181e+00	
842	 7.928000e-08	 2.095181e+00	
843	 8.028000e-08	 2.095181e+00	
844	 8.128000e-08	 2.095181e+00	
845	 8.228000e-08	 2.095181e+00	
846	 8.328000e-08	 2.095181e+00	
847	 8.428000e-08	 2.095181e+00	
848	 8.528000e-08	 2.095181e+00	
849	 8.628000e-08	 2.095181e+00	
850	 8.728000e-08	 2.095181e+00	
851	 8.828000e-08	 2.095181e+00	
852	 8.928000e-08	 2.095181e+00	
853	 9.028000e-08	 2.095181e+00	
854	 9.128000e-08	 2.095181e+00	
855	 9.228000e-08	 2.095181e+00	
856	 9.328000e-08	 2.095181e+00	
857	 9.428000e-08	 2.095181e+00	
858	 9.528000e-08	 2.095181e+00	
859	 9.628000e-08	 2.095181e+00	
860	 9.728000e-08	 2.095181e+00	
861	 9.828000e-08	 2.095181e+00	
862	 9.928000e-08	 2.095181e+00	
863	 1.000000e-07	 2.095181e+00	
864	 0.000000e+00	 2.102808e+00	
865	 1.000000e-11	 2.102808e+00	
866	 2.000000e-11	 2.102808e+00	

Index   time            v(2)            
--------------------------------------------------------------------------------
867	 4.000000e-11	 2.102808e+00	
868	 8.000000e-11	 2.102808e+00	
869	 1.600000e-10	 2.102808e+00	
870	 3.200000e-10	 2.102808e+00	
871	 6.400000e-10	 2.102808e+00	
872	 1.280000e-09	 2.102808e+00	
873	 2.280000e-09	 2.102808e+00	
874	 3.280000e-09	 2.102808e+00	
875	 4.280000e-09	 2.102808e+00	
876	 5.280000e-09	 2.102808e+00	
877	 6.280000e-09	 2.102808e+00	
878	 7.280000e-09	 2.102808e+00	
879	 8.280000e-09	 2.102808e+00	
880	 9.280000e-09	 2.102808e+00	
881	 1.028000e-08	 2.102808e+00	
882	 1.128000e-08	 2.102808e+00	
883	 1.228000e-08	 2.102808e+00	
884	 1.328000e-08	 2.102808e+00	
885	 1.428000e-08	 2.102808e+00	
886	 1.528000e-08	 2.102808e+00	
887	 1.628000e-08	 2.102808e+00	
888	 1.728000e-08	 2.102808e+00	
889	 1.828000e-08	 2.102808e+00	
890	 1.928000e-08	 2.102808e+00	
891	 2.028000e-08	 2.102808e+00	
892	 2.128000e-08	 2.102808e+00	
893	 2.228000e-08	 2.102808e+00	
894	 2.328000e-08	 2.102808e+00	
895	 2.428000e-08	 2.102808e+00	
896	 2.528000e-08	 2.102808e+00	
897	 2.628000e-08	 2.102808e+00	
898	 2.728000e-08	 2.102808e+00	
899	 2.828000e-08	 2.102808e+00	
900	 2.928000e-08	 2.102808e+00	
901	 3.028000e-08	 2.102808e+00	
902	 3.128000e-08	 2.102808e+00	
903	 3.228000e-08	 2.102808e+00	
904	 3.328000e-08	 2.102808e+00	
905	 3.428000e-08	 2.102808e+00	
906	 3.528000e-08	 2.102808e+00	
907	 3.628000e-08	 2.102808e+00	
908	 3.728000e-08	 2.102808e+00	
909	 3.828000e-08	 2.102808e+00	
910	 3.928000e-08	 2.102808e+00	
911	 4.028000e-08	 2.102808e+00	
912	 4.128000e-08	 2.102808e+00	
913	 4.228000e-08	 2.102808e+00	
914	 4.328000e-08	 2.102808e+00	
915	 4.428000e-08	 2.102808e+00	
916	 4.528000e-08	 2.102808e+00	
917	 4.628000e-08	 2.102808e+00	
918	 4.728000e-08	 2.102808e+00	
919	 4.828000e-08	 2.102808e+00	
920	 4.928000e-08	 2.102808e+00	
921	 5.028000e-08	 2.102808e+00	
922	 5.128000e-08	 2.102808e+00	
923	 5.228000e-08	 2.102808e+00	
924	 5.328000e-08	 2.102808e+00	

Index   time            v(2)            
--------------------------------------------------------------------------------
925	 5.428000e-08	 2.102808e+00	
926	 5.528000e-08	 2.102808e+00	
927	 5.628000e-08	 2.102808e+00	
928	 5.728000e-08	 2.102808e+00	
929	 5.828000e-08	 2.102808e+00	
930	 5.928000e-08	 2.102808e+00	
931	 6.028000e-08	 2.102808e+00	
932	 6.128000e-08	 2.102808e+00	
933	 6.228000e-08	 2.102808e+00	
934	 6.328000e-08	 2.102808e+00	
935	 6.428000e-08	 2.102808e+00	
936	 6.528000e-08	 2.102808e+00	
937	 6.628000e-08	 2.102808e+00	
938	 6.728000e-08	 2.102808e+00	
939	 6.828000e-08	 2.102808e+00	
940	 6.928000e-08	 2.102808e+00	
941	 7.028000e-08	 2.102808e+00	
942	 7.128000e-08	 2.102808e+00	
943	 7.228000e-08	 2.102808e+00	
944	 7.328000e-08	 2.102808e+00	
945	 7.428000e-08	 2.102808e+00	
946	 7.528000e-08	 2.102808e+00	
947	 7.628000e-08	 2.102808e+00	
948	 7.728000e-08	 2.102808e+00	
949	 7.828000e-08	 2.102808e+00	
950	 7.928000e-08	 2.102808e+00	
951	 8.028000e-08	 2.102808e+00	
952	 8.128000e-08	 2.102808e+00	
953	 8.228000e-08	 2.102808e+00	
954	 8.328000e-08	 2.102808e+00	
955	 8.428000e-08	 2.102808e+00	
956	 8.528000e-08	 2.102808e+00	
957	 8.628000e-08	 2.102808e+00	
958	 8.728000e-08	 2.102808e+00	
959	 8.828000e-08	 2.102808e+00	
960	 8.928000e-08	 2.102808e+00	
961	 9.028000e-08	 2.102808e+00	
962	 9.128000e-08	 2.102808e+00	
963	 9.228000e-08	 2.102808e+00	
964	 9.328000e-08	 2.102808e+00	
965	 9.428000e-08	 2.102808e+00	
966	 9.528000e-08	 2.102808e+00	
967	 9.628000e-08	 2.102808e+00	
968	 9.728000e-08	 2.102808e+00	
969	 9.828000e-08	 2.102808e+00	
970	 9.928000e-08	 2.102808e+00	
971	 1.000000e-07	 2.102808e+00	
972	 0.000000e+00	 2.110565e+00	
973	 1.000000e-11	 2.110565e+00	
974	 2.000000e-11	 2.110565e+00	
975	 4.000000e-11	 2.110565e+00	
976	 8.000000e-11	 2.110565e+00	
977	 1.600000e-10	 2.110565e+00	
978	 3.200000e-10	 2.110565e+00	
979	 6.400000e-10	 2.110565e+00	
980	 1.280000e-09	 2.110565e+00	
981	 2.280000e-09	 2.110565e+00	
982	 3.280000e-09	 2.110565e+00	

Index   time            v(2)            
--------------------------------------------------------------------------------
983	 4.280000e-09	 2.110565e+00	
984	 5.280000e-09	 2.110565e+00	
985	 6.280000e-09	 2.110565e+00	
986	 7.280000e-09	 2.110565e+00	
987	 8.280000e-09	 2.110565e+00	
988	 9.280000e-09	 2.110565e+00	
989	 1.028000e-08	 2.110565e+00	
990	 1.128000e-08	 2.110565e+00	
991	 1.228000e-08	 2.110565e+00	
992	 1.328000e-08	 2.110565e+00	
993	 1.428000e-08	 2.110565e+00	
994	 1.528000e-08	 2.110565e+00	
995	 1.628000e-08	 2.110565e+00	
996	 1.728000e-08	 2.110565e+00	
997	 1.828000e-08	 2.110565e+00	
998	 1.928000e-08	 2.110565e+00	
999	 2.028000e-08	 2.110565e+00	
1000	 2.128000e-08	 2.110565e+00	
1001	 2.228000e-08	 2.110565e+00	
1002	 2.328000e-08	 2.110565e+00	
1003	 2.428000e-08	 2.110565e+00	
1004	 2.528000e-08	 2.110565e+00	
1005	 2.628000e-08	 2.110565e+00	
1006	 2.728000e-08	 2.110565e+00	
1007	 2.828000e-08	 2.110565e+00	
1008	 2.928000e-08	 2.110565e+00	
1009	 3.028000e-08	 2.110565e+00	
1010	 3.128000e-08	 2.110565e+00	
1011	 3.228000e-08	 2.110565e+00	
1012	 3.328000e-08	 2.110565e+00	
1013	 3.428000e-08	 2.110565e+00	
1014	 3.528000e-08	 2.110565e+00	
1015	 3.628000e-08	 2.110565e+00	
1016	 3.728000e-08	 2.110565e+00	
1017	 3.828000e-08	 2.110565e+00	
1018	 3.928000e-08	 2.110565e+00	
1019	 4.028000e-08	 2.110565e+00	
1020	 4.128000e-08	 2.110565e+00	
1021	 4.228000e-08	 2.110565e+00	
1022	 4.328000e-08	 2.110565e+00	
1023	 4.428000e-08	 2.110565e+00	
1024	 4.528000e-08	 2.110565e+00	
1025	 4.628000e-08	 2.110565e+00	
1026	 4.728000e-08	 2.110565e+00	
1027	 4.828000e-08	 2.110565e+00	
1028	 4.928000e-08	 2.110565e+00	
1029	 5.028000e-08	 2.110565e+00	
1030	 5.128000e-08	 2.110565e+00	
1031	 5.228000e-08	 2.110565e+00	
1032	 5.328000e-08	 2.110565e+00	
1033	 5.428000e-08	 2.110565e+00	
1034	 5.528000e-08	 2.110565e+00	
1035	 5.628000e-08	 2.110565e+00	
1036	 5.728000e-08	 2.110565e+00	
1037	 5.828000e-08	 2.110565e+00	
1038	 5.928000e-08	 2.110565e+00	
1039	 6.028000e-08	 2.110565e+00	
1040	 6.128000e-08	 2.110565e+00	

Index   time            v(2)            
--------------------------------------------------------------------------------
1041	 6.228000e-08	 2.110565e+00	
1042	 6.328000e-08	 2.110565e+00	
1043	 6.428000e-08	 2.110565e+00	
1044	 6.528000e-08	 2.110565e+00	
1045	 6.628000e-08	 2.110565e+00	
1046	 6.728000e-08	 2.110565e+00	
1047	 6.828000e-08	 2.110565e+00	
1048	 6.928000e-08	 2.110565e+00	
1049	 7.028000e-08	 2.110565e+00	
1050	 7.128000e-08	 2.110565e+00	
1051	 7.228000e-08	 2.110565e+00	
1052	 7.328000e-08	 2.110565e+00	
1053	 7.428000e-08	 2.110565e+00	
1054	 7.528000e-08	 2.110565e+00	
1055	 7.628000e-08	 2.110565e+00	
1056	 7.728000e-08	 2.110565e+00	
1057	 7.828000e-08	 2.110565e+00	
1058	 7.928000e-08	 2.110565e+00	
1059	 8.028000e-08	 2.110565e+00	
1060	 8.128000e-08	 2.110565e+00	
1061	 8.228000e-08	 2.110565e+00	
1062	 8.328000e-08	 2.110565e+00	
1063	 8.428000e-08	 2.110565e+00	
1064	 8.528000e-08	 2.110565e+00	
1065	 8.628000e-08	 2.110565e+00	
1066	 8.728000e-08	 2.110565e+00	
1067	 8.828000e-08	 2.110565e+00	
1068	 8.928000e-08	 2.110565e+00	
1069	 9.028000e-08	 2.110565e+00	
1070	 9.128000e-08	 2.110565e+00	
1071	 9.228000e-08	 2.110565e+00	
1072	 9.328000e-08	 2.110565e+00	
1073	 9.428000e-08	 2.110565e+00	
1074	 9.528000e-08	 2.110565e+00	
1075	 9.628000e-08	 2.110565e+00	
1076	 9.728000e-08	 2.110565e+00	
1077	 9.828000e-08	 2.110565e+00	
1078	 9.928000e-08	 2.110565e+00	
1079	 1.000000e-07	 2.110565e+00	
1080	 0.000000e+00	 2.118563e+00	
1081	 1.000000e-11	 2.118563e+00	
1082	 2.000000e-11	 2.118563e+00	
1083	 4.000000e-11	 2.118563e+00	
1084	 8.000000e-11	 2.118563e+00	
1085	 1.600000e-10	 2.118563e+00	
1086	 3.200000e-10	 2.118563e+00	
1087	 6.400000e-10	 2.118563e+00	
1088	 1.280000e-09	 2.118563e+00	
1089	 2.280000e-09	 2.118563e+00	
1090	 3.280000e-09	 2.118563e+00	
1091	 4.280000e-09	 2.118563e+00	
1092	 5.280000e-09	 2.118563e+00	
1093	 6.280000e-09	 2.118563e+00	
1094	 7.280000e-09	 2.118563e+00	
1095	 8.280000e-09	 2.118563e+00	
1096	 9.280000e-09	 2.118563e+00	
1097	 1.028000e-08	 2.118563e+00	
1098	 1.128000e-08	 2.118563e+00	

Index   time            v(2)            
--------------------------------------------------------------------------------
1099	 1.228000e-08	 2.118563e+00	
1100	 1.328000e-08	 2.118563e+00	
1101	 1.428000e-08	 2.118563e+00	
1102	 1.528000e-08	 2.118563e+00	
1103	 1.628000e-08	 2.118563e+00	
1104	 1.728000e-08	 2.118563e+00	
1105	 1.828000e-08	 2.118563e+00	
1106	 1.928000e-08	 2.118563e+00	
1107	 2.028000e-08	 2.118563e+00	
1108	 2.128000e-08	 2.118563e+00	
1109	 2.228000e-08	 2.118563e+00	
1110	 2.328000e-08	 2.118563e+00	
1111	 2.428000e-08	 2.118563e+00	
1112	 2.528000e-08	 2.118563e+00	
1113	 2.628000e-08	 2.118563e+00	
1114	 2.728000e-08	 2.118563e+00	
1115	 2.828000e-08	 2.118563e+00	
1116	 2.928000e-08	 2.118563e+00	
1117	 3.028000e-08	 2.118563e+00	
1118	 3.128000e-08	 2.118563e+00	
1119	 3.228000e-08	 2.118563e+00	
1120	 3.328000e-08	 2.118563e+00	
1121	 3.428000e-08	 2.118563e+00	
1122	 3.528000e-08	 2.118563e+00	
1123	 3.628000e-08	 2.118563e+00	
1124	 3.728000e-08	 2.118563e+00	
1125	 3.828000e-08	 2.118563e+00	
1126	 3.928000e-08	 2.118563e+00	
1127	 4.028000e-08	 2.118563e+00	
1128	 4.128000e-08	 2.118563e+00	
1129	 4.228000e-08	 2.118563e+00	
1130	 4.328000e-08	 2.118563e+00	
1131	 4.428000e-08	 2.118563e+00	
1132	 4.528000e-08	 2.118563e+00	
1133	 4.628000e-08	 2.118563e+00	
1134	 4.728000e-08	 2.118563e+00	
1135	 4.828000e-08	 2.118563e+00	
1136	 4.928000e-08	 2.118563e+00	
1137	 5.028000e-08	 2.118563e+00	
1138	 5.128000e-08	 2.118563e+00	
1139	 5.228000e-08	 2.118563e+00	
1140	 5.328000e-08	 2.118563e+00	
1141	 5.428000e-08	 2.118563e+00	
1142	 5.528000e-08	 2.118563e+00	
1143	 5.628000e-08	 2.118563e+00	
1144	 5.728000e-08	 2.118563e+00	
1145	 5.828000e-08	 2.118563e+00	
1146	 5.928000e-08	 2.118563e+00	
1147	 6.028000e-08	 2.118563e+00	
1148	 6.128000e-08	 2.118563e+00	
1149	 6.228000e-08	 2.118563e+00	
1150	 6.328000e-08	 2.118563e+00	
1151	 6.428000e-08	 2.118563e+00	
1152	 6.528000e-08	 2.118563e+00	
1153	 6.628000e-08	 2.118563e+00	
1154	 6.728000e-08	 2.118563e+00	
1155	 6.828000e-08	 2.118563e+00	
1156	 6.928000e-08	 2.118563e+00	

Index   time            v(2)            
--------------------------------------------------------------------------------
1157	 7.028000e-08	 2.118563e+00	
1158	 7.128000e-08	 2.118563e+00	
1159	 7.228000e-08	 2.118563e+00	
1160	 7.328000e-08	 2.118563e+00	
1161	 7.428000e-08	 2.118563e+00	
1162	 7.528000e-08	 2.118563e+00	
1163	 7.628000e-08	 2.118563e+00	
1164	 7.728000e-08	 2.118563e+00	
1165	 7.828000e-08	 2.118563e+00	
1166	 7.928000e-08	 2.118563e+00	
1167	 8.028000e-08	 2.118563e+00	
1168	 8.128000e-08	 2.118563e+00	
1169	 8.228000e-08	 2.118563e+00	
1170	 8.328000e-08	 2.118563e+00	
1171	 8.428000e-08	 2.118563e+00	
1172	 8.528000e-08	 2.118563e+00	
1173	 8.628000e-08	 2.118563e+00	
1174	 8.728000e-08	 2.118563e+00	
1175	 8.828000e-08	 2.118563e+00	
1176	 8.928000e-08	 2.118563e+00	
1177	 9.028000e-08	 2.118563e+00	
1178	 9.128000e-08	 2.118563e+00	
1179	 9.228000e-08	 2.118563e+00	
1180	 9.328000e-08	 2.118563e+00	
1181	 9.428000e-08	 2.118563e+00	
1182	 9.528000e-08	 2.118563e+00	
1183	 9.628000e-08	 2.118563e+00	
1184	 9.728000e-08	 2.118563e+00	
1185	 9.828000e-08	 2.118563e+00	
1186	 9.928000e-08	 2.118563e+00	
1187	 1.000000e-07	 2.118563e+00	
1188	 0.000000e+00	 2.126898e+00	
1189	 1.000000e-11	 2.126898e+00	
1190	 2.000000e-11	 2.126898e+00	
1191	 4.000000e-11	 2.126898e+00	
1192	 8.000000e-11	 2.126898e+00	
1193	 1.600000e-10	 2.126898e+00	
1194	 3.200000e-10	 2.126898e+00	
1195	 6.400000e-10	 2.126898e+00	
1196	 1.280000e-09	 2.126898e+00	
1197	 2.280000e-09	 2.126898e+00	
1198	 3.280000e-09	 2.126898e+00	
1199	 4.280000e-09	 2.126898e+00	
1200	 5.280000e-09	 2.126898e+00	
1201	 6.280000e-09	 2.126898e+00	
1202	 7.280000e-09	 2.126898e+00	
1203	 8.280000e-09	 2.126898e+00	
1204	 9.280000e-09	 2.126898e+00	
1205	 1.028000e-08	 2.126898e+00	
1206	 1.128000e-08	 2.126898e+00	
1207	 1.228000e-08	 2.126898e+00	
1208	 1.328000e-08	 2.126898e+00	
1209	 1.428000e-08	 2.126898e+00	
1210	 1.528000e-08	 2.126898e+00	
1211	 1.628000e-08	 2.126898e+00	
1212	 1.728000e-08	 2.126898e+00	
1213	 1.828000e-08	 2.126898e+00	
1214	 1.928000e-08	 2.126898e+00	

Index   time            v(2)            
--------------------------------------------------------------------------------
1215	 2.028000e-08	 2.126898e+00	
1216	 2.128000e-08	 2.126898e+00	
1217	 2.228000e-08	 2.126898e+00	
1218	 2.328000e-08	 2.126898e+00	
1219	 2.428000e-08	 2.126898e+00	
1220	 2.528000e-08	 2.126898e+00	
1221	 2.628000e-08	 2.126898e+00	
1222	 2.728000e-08	 2.126898e+00	
1223	 2.828000e-08	 2.126898e+00	
1224	 2.928000e-08	 2.126898e+00	
1225	 3.028000e-08	 2.126898e+00	
1226	 3.128000e-08	 2.126898e+00	
1227	 3.228000e-08	 2.126898e+00	
1228	 3.328000e-08	 2.126898e+00	
1229	 3.428000e-08	 2.126898e+00	
1230	 3.528000e-08	 2.126898e+00	
1231	 3.628000e-08	 2.126898e+00	
1232	 3.728000e-08	 2.126898e+00	
1233	 3.828000e-08	 2.126898e+00	
1234	 3.928000e-08	 2.126898e+00	
1235	 4.028000e-08	 2.126898e+00	
1236	 4.128000e-08	 2.126898e+00	
1237	 4.228000e-08	 2.126898e+00	
1238	 4.328000e-08	 2.126898e+00	
1239	 4.428000e-08	 2.126898e+00	
1240	 4.528000e-08	 2.126898e+00	
1241	 4.628000e-08	 2.126898e+00	
1242	 4.728000e-08	 2.126898e+00	
1243	 4.828000e-08	 2.126898e+00	
1244	 4.928000e-08	 2.126898e+00	
1245	 5.028000e-08	 2.126898e+00	
1246	 5.128000e-08	 2.126898e+00	
1247	 5.228000e-08	 2.126898e+00	
1248	 5.328000e-08	 2.126898e+00	
1249	 5.428000e-08	 2.126898e+00	
1250	 5.528000e-08	 2.126898e+00	
1251	 5.628000e-08	 2.126898e+00	
1252	 5.728000e-08	 2.126898e+00	
1253	 5.828000e-08	 2.126898e+00	
1254	 5.928000e-08	 2.126898e+00	
1255	 6.028000e-08	 2.126898e+00	
1256	 6.128000e-08	 2.126898e+00	
1257	 6.228000e-08	 2.126898e+00	
1258	 6.328000e-08	 2.126898e+00	
1259	 6.428000e-08	 2.126898e+00	
1260	 6.528000e-08	 2.126898e+00	
1261	 6.628000e-08	 2.126898e+00	
1262	 6.728000e-08	 2.126898e+00	
1263	 6.828000e-08	 2.126898e+00	
1264	 6.928000e-08	 2.126898e+00	
1265	 7.028000e-08	 2.126898e+00	
1266	 7.128000e-08	 2.126898e+00	
1267	 7.228000e-08	 2.126898e+00	
1268	 7.328000e-08	 2.126898e+00	
1269	 7.428000e-08	 2.126898e+00	
1270	 7.528000e-08	 2.126898e+00	
1271	 7.628000e-08	 2.126898e+00	
1272	 7.728000e-08	 2.126898e+00	

Index   time            v(2)            
--------------------------------------------------------------------------------
1273	 7.828000e-08	 2.126898e+00	
1274	 7.928000e-08	 2.126898e+00	
1275	 8.028000e-08	 2.126898e+00	
1276	 8.128000e-08	 2.126898e+00	
1277	 8.228000e-08	 2.126898e+00	
1278	 8.328000e-08	 2.126898e+00	
1279	 8.428000e-08	 2.126898e+00	
1280	 8.528000e-08	 2.126898e+00	
1281	 8.628000e-08	 2.126898e+00	
1282	 8.728000e-08	 2.126898e+00	
1283	 8.828000e-08	 2.126898e+00	
1284	 8.928000e-08	 2.126898e+00	
1285	 9.028000e-08	 2.126898e+00	
1286	 9.128000e-08	 2.126898e+00	
1287	 9.228000e-08	 2.126898e+00	
1288	 9.328000e-08	 2.126898e+00	
1289	 9.428000e-08	 2.126898e+00	
1290	 9.528000e-08	 2.126898e+00	
1291	 9.628000e-08	 2.126898e+00	
1292	 9.728000e-08	 2.126898e+00	
1293	 9.828000e-08	 2.126898e+00	
1294	 9.928000e-08	 2.126898e+00	
1295	 1.000000e-07	 2.126898e+00	
1296	 0.000000e+00	 2.144999e+00	
1297	 1.000000e-11	 2.144999e+00	
1298	 2.000000e-11	 2.144999e+00	
1299	 4.000000e-11	 2.144999e+00	
1300	 8.000000e-11	 2.144999e+00	
1301	 1.600000e-10	 2.144999e+00	
1302	 3.200000e-10	 2.144999e+00	
1303	 6.400000e-10	 2.144999e+00	
1304	 1.280000e-09	 2.144999e+00	
1305	 2.280000e-09	 2.144999e+00	
1306	 3.280000e-09	 2.144999e+00	
1307	 4.280000e-09	 2.144999e+00	
1308	 5.280000e-09	 2.144999e+00	
1309	 6.280000e-09	 2.144999e+00	
1310	 7.280000e-09	 2.144999e+00	
1311	 8.280000e-09	 2.144999e+00	
1312	 9.280000e-09	 2.144999e+00	
1313	 1.028000e-08	 2.144999e+00	
1314	 1.128000e-08	 2.144999e+00	
1315	 1.228000e-08	 2.144999e+00	
1316	 1.328000e-08	 2.144999e+00	
1317	 1.428000e-08	 2.144999e+00	
1318	 1.528000e-08	 2.144999e+00	
1319	 1.628000e-08	 2.144999e+00	
1320	 1.728000e-08	 2.144999e+00	
1321	 1.828000e-08	 2.144999e+00	
1322	 1.928000e-08	 2.144999e+00	
1323	 2.028000e-08	 2.144999e+00	
1324	 2.128000e-08	 2.144999e+00	
1325	 2.228000e-08	 2.144999e+00	
1326	 2.328000e-08	 2.144999e+00	
1327	 2.428000e-08	 2.144999e+00	
1328	 2.528000e-08	 2.144999e+00	
1329	 2.628000e-08	 2.144999e+00	
1330	 2.728000e-08	 2.144999e+00	

Index   time            v(2)            
--------------------------------------------------------------------------------
1331	 2.828000e-08	 2.144999e+00	
1332	 2.928000e-08	 2.144999e+00	
1333	 3.028000e-08	 2.144999e+00	
1334	 3.128000e-08	 2.144999e+00	
1335	 3.228000e-08	 2.144999e+00	
1336	 3.328000e-08	 2.144999e+00	
1337	 3.428000e-08	 2.144999e+00	
1338	 3.528000e-08	 2.144999e+00	
1339	 3.628000e-08	 2.144999e+00	
1340	 3.728000e-08	 2.144999e+00	
1341	 3.828000e-08	 2.144999e+00	
1342	 3.928000e-08	 2.144999e+00	
1343	 4.028000e-08	 2.144999e+00	
1344	 4.128000e-08	 2.144999e+00	
1345	 4.228000e-08	 2.144999e+00	
1346	 4.328000e-08	 2.144999e+00	
1347	 4.428000e-08	 2.144999e+00	
1348	 4.528000e-08	 2.144999e+00	
1349	 4.628000e-08	 2.144999e+00	
1350	 4.728000e-08	 2.144999e+00	
1351	 4.828000e-08	 2.144999e+00	
1352	 4.928000e-08	 2.144999e+00	
1353	 5.028000e-08	 2.144999e+00	
1354	 5.128000e-08	 2.144999e+00	
1355	 5.228000e-08	 2.144999e+00	
1356	 5.328000e-08	 2.144999e+00	
1357	 5.428000e-08	 2.144999e+00	
1358	 5.528000e-08	 2.144999e+00	
1359	 5.628000e-08	 2.144999e+00	
1360	 5.728000e-08	 2.144999e+00	
1361	 5.828000e-08	 2.144999e+00	
1362	 5.928000e-08	 2.144999e+00	
1363	 6.028000e-08	 2.144999e+00	
1364	 6.128000e-08	 2.144999e+00	
1365	 6.228000e-08	 2.144999e+00	
1366	 6.328000e-08	 2.144999e+00	
1367	 6.428000e-08	 2.144999e+00	
1368	 6.528000e-08	 2.144999e+00	
1369	 6.628000e-08	 2.144999e+00	
1370	 6.728000e-08	 2.144999e+00	
1371	 6.828000e-08	 2.144999e+00	
1372	 6.928000e-08	 2.144999e+00	
1373	 7.028000e-08	 2.144999e+00	
1374	 7.128000e-08	 2.144999e+00	
1375	 7.228000e-08	 2.144999e+00	
1376	 7.328000e-08	 2.144999e+00	
1377	 7.428000e-08	 2.144999e+00	
1378	 7.528000e-08	 2.144999e+00	
1379	 7.628000e-08	 2.144999e+00	
1380	 7.728000e-08	 2.144999e+00	
1381	 7.828000e-08	 2.144999e+00	
1382	 7.928000e-08	 2.144999e+00	
1383	 8.028000e-08	 2.144999e+00	
1384	 8.128000e-08	 2.144999e+00	
1385	 8.228000e-08	 2.144999e+00	
1386	 8.328000e-08	 2.144999e+00	
1387	 8.428000e-08	 2.144999e+00	
1388	 8.528000e-08	 2.144999e+00	

Index   time            v(2)            
--------------------------------------------------------------------------------
1389	 8.628000e-08	 2.144999e+00	
1390	 8.728000e-08	 2.144999e+00	
1391	 8.828000e-08	 2.144999e+00	
1392	 8.928000e-08	 2.144999e+00	
1393	 9.028000e-08	 2.144999e+00	
1394	 9.128000e-08	 2.144999e+00	
1395	 9.228000e-08	 2.144999e+00	
1396	 9.328000e-08	 2.144999e+00	
1397	 9.428000e-08	 2.144999e+00	
1398	 9.528000e-08	 2.144999e+00	
1399	 9.628000e-08	 2.144999e+00	
1400	 9.728000e-08	 2.144999e+00	
1401	 9.828000e-08	 2.144999e+00	
1402	 9.928000e-08	 2.144999e+00	
1403	 1.000000e-07	 2.144999e+00	
1404	 0.000000e+00	 2.154998e+00	
1405	 1.000000e-11	 2.154998e+00	
1406	 2.000000e-11	 2.154998e+00	
1407	 4.000000e-11	 2.154998e+00	
1408	 8.000000e-11	 2.154998e+00	
1409	 1.600000e-10	 2.154998e+00	
1410	 3.200000e-10	 2.154998e+00	
1411	 6.400000e-10	 2.154998e+00	
1412	 1.280000e-09	 2.154998e+00	
1413	 2.280000e-09	 2.154998e+00	
1414	 3.280000e-09	 2.154998e+00	
1415	 4.280000e-09	 2.154998e+00	
1416	 5.280000e-09	 2.154998e+00	
1417	 6.280000e-09	 2.154998e+00	
1418	 7.280000e-09	 2.154998e+00	
1419	 8.280000e-09	 2.154998e+00	
1420	 9.280000e-09	 2.154998e+00	
1421	 1.028000e-08	 2.154998e+00	
1422	 1.128000e-08	 2.154998e+00	
1423	 1.228000e-08	 2.154998e+00	
1424	 1.328000e-08	 2.154998e+00	
1425	 1.428000e-08	 2.154998e+00	
1426	 1.528000e-08	 2.154998e+00	
1427	 1.628000e-08	 2.154998e+00	
1428	 1.728000e-08	 2.154998e+00	
1429	 1.828000e-08	 2.154998e+00	
1430	 1.928000e-08	 2.154998e+00	
1431	 2.028000e-08	 2.154998e+00	
1432	 2.128000e-08	 2.154998e+00	
1433	 2.228000e-08	 2.154998e+00	
1434	 2.328000e-08	 2.154998e+00	
1435	 2.428000e-08	 2.154998e+00	
1436	 2.528000e-08	 2.154998e+00	
1437	 2.628000e-08	 2.154998e+00	
1438	 2.728000e-08	 2.154998e+00	
1439	 2.828000e-08	 2.154998e+00	
1440	 2.928000e-08	 2.154998e+00	
1441	 3.028000e-08	 2.154998e+00	
1442	 3.128000e-08	 2.154998e+00	
1443	 3.228000e-08	 2.154998e+00	
1444	 3.328000e-08	 2.154998e+00	
1445	 3.428000e-08	 2.154998e+00	
1446	 3.528000e-08	 2.154998e+00	

Index   time            v(2)            
--------------------------------------------------------------------------------
1447	 3.628000e-08	 2.154998e+00	
1448	 3.728000e-08	 2.154998e+00	
1449	 3.828000e-08	 2.154998e+00	
1450	 3.928000e-08	 2.154998e+00	
1451	 4.028000e-08	 2.154998e+00	
1452	 4.128000e-08	 2.154998e+00	
1453	 4.228000e-08	 2.154998e+00	
1454	 4.328000e-08	 2.154998e+00	
1455	 4.428000e-08	 2.154998e+00	
1456	 4.528000e-08	 2.154998e+00	
1457	 4.628000e-08	 2.154998e+00	
1458	 4.728000e-08	 2.154998e+00	
1459	 4.828000e-08	 2.154998e+00	
1460	 4.928000e-08	 2.154998e+00	
1461	 5.028000e-08	 2.154998e+00	
1462	 5.128000e-08	 2.154998e+00	
1463	 5.228000e-08	 2.154998e+00	
1464	 5.328000e-08	 2.154998e+00	
1465	 5.428000e-08	 2.154998e+00	
1466	 5.528000e-08	 2.154998e+00	
1467	 5.628000e-08	 2.154998e+00	
1468	 5.728000e-08	 2.154998e+00	
1469	 5.828000e-08	 2.154998e+00	
1470	 5.928000e-08	 2.154998e+00	
1471	 6.028000e-08	 2.154998e+00	
1472	 6.128000e-08	 2.154998e+00	
1473	 6.228000e-08	 2.154998e+00	
1474	 6.328000e-08	 2.154998e+00	
1475	 6.428000e-08	 2.154998e+00	
1476	 6.528000e-08	 2.154998e+00	
1477	 6.628000e-08	 2.154998e+00	
1478	 6.728000e-08	 2.154998e+00	
1479	 6.828000e-08	 2.154998e+00	
1480	 6.928000e-08	 2.154998e+00	
1481	 7.028000e-08	 2.154998e+00	
1482	 7.128000e-08	 2.154998e+00	
1483	 7.228000e-08	 2.154998e+00	
1484	 7.328000e-08	 2.154998e+00	
1485	 7.428000e-08	 2.154998e+00	
1486	 7.528000e-08	 2.154998e+00	
1487	 7.628000e-08	 2.154998e+00	
1488	 7.728000e-08	 2.154998e+00	
1489	 7.828000e-08	 2.154998e+00	
1490	 7.928000e-08	 2.154998e+00	
1491	 8.028000e-08	 2.154998e+00	
1492	 8.128000e-08	 2.154998e+00	
1493	 8.228000e-08	 2.154998e+00	
1494	 8.328000e-08	 2.154998e+00	
1495	 8.428000e-08	 2.154998e+00	
1496	 8.528000e-08	 2.154998e+00	
1497	 8.628000e-08	 2.154998e+00	
1498	 8.728000e-08	 2.154998e+00	
1499	 8.828000e-08	 2.154998e+00	
1500	 8.928000e-08	 2.154998e+00	
1501	 9.028000e-08	 2.154998e+00	
1502	 9.128000e-08	 2.154998e+00	
1503	 9.228000e-08	 2.154998e+00	
1504	 9.328000e-08	 2.154998e+00	

Index   time            v(2)            
--------------------------------------------------------------------------------
1505	 9.428000e-08	 2.154998e+00	
1506	 9.528000e-08	 2.154998e+00	
1507	 9.628000e-08	 2.154998e+00	
1508	 9.728000e-08	 2.154998e+00	
1509	 9.828000e-08	 2.154998e+00	
1510	 9.928000e-08	 2.154998e+00	
1511	 1.000000e-07	 2.154998e+00	
1512	 0.000000e+00	 2.165780e+00	
1513	 1.000000e-11	 2.165780e+00	
1514	 2.000000e-11	 2.165780e+00	
1515	 4.000000e-11	 2.165780e+00	
1516	 8.000000e-11	 2.165780e+00	
1517	 1.600000e-10	 2.165780e+00	
1518	 3.200000e-10	 2.165780e+00	
1519	 6.400000e-10	 2.165780e+00	
1520	 1.280000e-09	 2.165780e+00	
1521	 2.280000e-09	 2.165780e+00	
1522	 3.280000e-09	 2.165780e+00	
1523	 4.280000e-09	 2.165780e+00	
1524	 5.280000e-09	 2.165780e+00	
1525	 6.280000e-09	 2.165780e+00	
1526	 7.280000e-09	 2.165780e+00	
1527	 8.280000e-09	 2.165780e+00	
1528	 9.280000e-09	 2.165780e+00	
1529	 1.028000e-08	 2.165780e+00	
1530	 1.128000e-08	 2.165780e+00	
1531	 1.228000e-08	 2.165780e+00	
1532	 1.328000e-08	 2.165780e+00	
1533	 1.428000e-08	 2.165780e+00	
1534	 1.528000e-08	 2.165780e+00	
1535	 1.628000e-08	 2.165780e+00	
1536	 1.728000e-08	 2.165780e+00	
1537	 1.828000e-08	 2.165780e+00	
1538	 1.928000e-08	 2.165780e+00	
1539	 2.028000e-08	 2.165780e+00	
1540	 2.128000e-08	 2.165780e+00	
1541	 2.228000e-08	 2.165780e+00	
1542	 2.328000e-08	 2.165780e+00	
1543	 2.428000e-08	 2.165780e+00	
1544	 2.528000e-08	 2.165780e+00	
1545	 2.628000e-08	 2.165780e+00	
1546	 2.728000e-08	 2.165780e+00	
1547	 2.828000e-08	 2.165780e+00	
1548	 2.928000e-08	 2.165780e+00	
1549	 3.028000e-08	 2.165780e+00	
1550	 3.128000e-08	 2.165780e+00	
1551	 3.228000e-08	 2.165780e+00	
1552	 3.328000e-08	 2.165780e+00	
1553	 3.428000e-08	 2.165780e+00	
1554	 3.528000e-08	 2.165780e+00	
1555	 3.628000e-08	 2.165780e+00	
1556	 3.728000e-08	 2.165780e+00	
1557	 3.828000e-08	 2.165780e+00	
1558	 3.928000e-08	 2.165780e+00	
1559	 4.028000e-08	 2.165780e+00	
1560	 4.128000e-08	 2.165780e+00	
1561	 4.228000e-08	 2.165780e+00	
1562	 4.328000e-08	 2.165780e+00	

Index   time            v(2)            
--------------------------------------------------------------------------------
1563	 4.428000e-08	 2.165780e+00	
1564	 4.528000e-08	 2.165780e+00	
1565	 4.628000e-08	 2.165780e+00	
1566	 4.728000e-08	 2.165780e+00	
1567	 4.828000e-08	 2.165780e+00	
1568	 4.928000e-08	 2.165780e+00	
1569	 5.028000e-08	 2.165780e+00	
1570	 5.128000e-08	 2.165780e+00	
1571	 5.228000e-08	 2.165780e+00	
1572	 5.328000e-08	 2.165780e+00	
1573	 5.428000e-08	 2.165780e+00	
1574	 5.528000e-08	 2.165780e+00	
1575	 5.628000e-08	 2.165780e+00	
1576	 5.728000e-08	 2.165780e+00	
1577	 5.828000e-08	 2.165780e+00	
1578	 5.928000e-08	 2.165780e+00	
1579	 6.028000e-08	 2.165780e+00	
1580	 6.128000e-08	 2.165780e+00	
1581	 6.228000e-08	 2.165780e+00	
1582	 6.328000e-08	 2.165780e+00	
1583	 6.428000e-08	 2.165780e+00	
1584	 6.528000e-08	 2.165780e+00	
1585	 6.628000e-08	 2.165780e+00	
1586	 6.728000e-08	 2.165780e+00	
1587	 6.828000e-08	 2.165780e+00	
1588	 6.928000e-08	 2.165780e+00	
1589	 7.028000e-08	 2.165780e+00	
1590	 7.128000e-08	 2.165780e+00	
1591	 7.228000e-08	 2.165780e+00	
1592	 7.328000e-08	 2.165780e+00	
1593	 7.428000e-08	 2.165780e+00	
1594	 7.528000e-08	 2.165780e+00	
1595	 7.628000e-08	 2.165780e+00	
1596	 7.728000e-08	 2.165780e+00	
1597	 7.828000e-08	 2.165780e+00	
1598	 7.928000e-08	 2.165780e+00	
1599	 8.028000e-08	 2.165780e+00	
1600	 8.128000e-08	 2.165780e+00	
1601	 8.228000e-08	 2.165780e+00	
1602	 8.328000e-08	 2.165780e+00	
1603	 8.428000e-08	 2.165780e+00	
1604	 8.528000e-08	 2.165780e+00	
1605	 8.628000e-08	 2.165780e+00	
1606	 8.728000e-08	 2.165780e+00	
1607	 8.828000e-08	 2.165780e+00	
1608	 8.928000e-08	 2.165780e+00	
1609	 9.028000e-08	 2.165780e+00	
1610	 9.128000e-08	 2.165780e+00	
1611	 9.228000e-08	 2.165780e+00	
1612	 9.328000e-08	 2.165780e+00	
1613	 9.428000e-08	 2.165780e+00	
1614	 9.528000e-08	 2.165780e+00	
1615	 9.628000e-08	 2.165780e+00	
1616	 9.728000e-08	 2.165780e+00	
1617	 9.828000e-08	 2.165780e+00	
1618	 9.928000e-08	 2.165780e+00	
1619	 1.000000e-07	 2.165780e+00	
1620	 0.000000e+00	 2.177408e+00	

Index   time            v(2)            
--------------------------------------------------------------------------------
1621	 1.000000e-11	 2.177408e+00	
1622	 2.000000e-11	 2.177408e+00	
1623	 4.000000e-11	 2.177408e+00	
1624	 8.000000e-11	 2.177408e+00	
1625	 1.600000e-10	 2.177408e+00	
1626	 3.200000e-10	 2.177408e+00	
1627	 6.400000e-10	 2.177408e+00	
1628	 1.280000e-09	 2.177408e+00	
1629	 2.280000e-09	 2.177408e+00	
1630	 3.280000e-09	 2.177408e+00	
1631	 4.280000e-09	 2.177408e+00	
1632	 5.280000e-09	 2.177408e+00	
1633	 6.280000e-09	 2.177408e+00	
1634	 7.280000e-09	 2.177408e+00	
1635	 8.280000e-09	 2.177408e+00	
1636	 9.280000e-09	 2.177408e+00	
1637	 1.028000e-08	 2.177408e+00	
1638	 1.128000e-08	 2.177408e+00	
1639	 1.228000e-08	 2.177408e+00	
1640	 1.328000e-08	 2.177408e+00	
1641	 1.428000e-08	 2.177408e+00	
1642	 1.528000e-08	 2.177408e+00	
1643	 1.628000e-08	 2.177408e+00	
1644	 1.728000e-08	 2.177408e+00	
1645	 1.828000e-08	 2.177408e+00	
1646	 1.928000e-08	 2.177408e+00	
1647	 2.028000e-08	 2.177408e+00	
1648	 2.128000e-08	 2.177408e+00	
1649	 2.228000e-08	 2.177408e+00	
1650	 2.328000e-08	 2.177408e+00	
1651	 2.428000e-08	 2.177408e+00	
1652	 2.528000e-08	 2.177408e+00	
1653	 2.628000e-08	 2.177408e+00	
1654	 2.728000e-08	 2.177408e+00	
1655	 2.828000e-08	 2.177408e+00	
1656	 2.928000e-08	 2.177408e+00	
1657	 3.028000e-08	 2.177408e+00	
1658	 3.128000e-08	 2.177408e+00	
1659	 3.228000e-08	 2.177408e+00	
1660	 3.328000e-08	 2.177408e+00	
1661	 3.428000e-08	 2.177408e+00	
1662	 3.528000e-08	 2.177408e+00	
1663	 3.628000e-08	 2.177408e+00	
1664	 3.728000e-08	 2.177408e+00	
1665	 3.828000e-08	 2.177408e+00	
1666	 3.928000e-08	 2.177408e+00	
1667	 4.028000e-08	 2.177408e+00	
1668	 4.128000e-08	 2.177408e+00	
1669	 4.228000e-08	 2.177408e+00	
1670	 4.328000e-08	 2.177408e+00	
1671	 4.428000e-08	 2.177408e+00	
1672	 4.528000e-08	 2.177408e+00	
1673	 4.628000e-08	 2.177408e+00	
1674	 4.728000e-08	 2.177408e+00	
1675	 4.828000e-08	 2.177408e+00	
1676	 4.928000e-08	 2.177408e+00	
1677	 5.028000e-08	 2.177408e+00	
1678	 5.128000e-08	 2.177408e+00	

Index   time            v(2)            
--------------------------------------------------------------------------------
1679	 5.228000e-08	 2.177408e+00	
1680	 5.328000e-08	 2.177408e+00	
1681	 5.428000e-08	 2.177408e+00	
1682	 5.528000e-08	 2.177408e+00	
1683	 5.628000e-08	 2.177408e+00	
1684	 5.728000e-08	 2.177408e+00	
1685	 5.828000e-08	 2.177408e+00	
1686	 5.928000e-08	 2.177408e+00	
1687	 6.028000e-08	 2.177408e+00	
1688	 6.128000e-08	 2.177408e+00	
1689	 6.228000e-08	 2.177408e+00	
1690	 6.328000e-08	 2.177408e+00	
1691	 6.428000e-08	 2.177408e+00	
1692	 6.528000e-08	 2.177408e+00	
1693	 6.628000e-08	 2.177408e+00	
1694	 6.728000e-08	 2.177408e+00	
1695	 6.828000e-08	 2.177408e+00	
1696	 6.928000e-08	 2.177408e+00	
1697	 7.028000e-08	 2.177408e+00	
1698	 7.128000e-08	 2.177408e+00	
1699	 7.228000e-08	 2.177408e+00	
1700	 7.328000e-08	 2.177408e+00	
1701	 7.428000e-08	 2.177408e+00	
1702	 7.528000e-08	 2.177408e+00	
1703	 7.628000e-08	 2.177408e+00	
1704	 7.728000e-08	 2.177408e+00	
1705	 7.828000e-08	 2.177408e+00	
1706	 7.928000e-08	 2.177408e+00	
1707	 8.028000e-08	 2.177408e+00	
1708	 8.128000e-08	 2.177408e+00	
1709	 8.228000e-08	 2.177408e+00	
1710	 8.328000e-08	 2.177408e+00	
1711	 8.428000e-08	 2.177408e+00	
1712	 8.528000e-08	 2.177408e+00	
1713	 8.628000e-08	 2.177408e+00	
1714	 8.728000e-08	 2.177408e+00	
1715	 8.828000e-08	 2.177408e+00	
1716	 8.928000e-08	 2.177408e+00	
1717	 9.028000e-08	 2.177408e+00	
1718	 9.128000e-08	 2.177408e+00	
1719	 9.228000e-08	 2.177408e+00	
1720	 9.328000e-08	 2.177408e+00	
1721	 9.428000e-08	 2.177408e+00	
1722	 9.528000e-08	 2.177408e+00	
1723	 9.628000e-08	 2.177408e+00	
1724	 9.728000e-08	 2.177408e+00	
1725	 9.828000e-08	 2.177408e+00	
1726	 9.928000e-08	 2.177408e+00	
1727	 1.000000e-07	 2.177408e+00	
1728	 0.000000e+00	 2.189837e+00	
1729	 1.000000e-11	 2.189837e+00	
1730	 2.000000e-11	 2.189837e+00	
1731	 4.000000e-11	 2.189837e+00	
1732	 8.000000e-11	 2.189837e+00	
1733	 1.600000e-10	 2.189837e+00	
1734	 3.200000e-10	 2.189837e+00	
1735	 6.400000e-10	 2.189837e+00	
1736	 1.280000e-09	 2.189837e+00	

Index   time            v(2)            
--------------------------------------------------------------------------------
1737	 2.280000e-09	 2.189837e+00	
1738	 3.280000e-09	 2.189837e+00	
1739	 4.280000e-09	 2.189837e+00	
1740	 5.280000e-09	 2.189837e+00	
1741	 6.280000e-09	 2.189837e+00	
1742	 7.280000e-09	 2.189837e+00	
1743	 8.280000e-09	 2.189837e+00	
1744	 9.280000e-09	 2.189837e+00	
1745	 1.028000e-08	 2.189837e+00	
1746	 1.128000e-08	 2.189837e+00	
1747	 1.228000e-08	 2.189837e+00	
1748	 1.328000e-08	 2.189837e+00	
1749	 1.428000e-08	 2.189837e+00	
1750	 1.528000e-08	 2.189837e+00	
1751	 1.628000e-08	 2.189837e+00	
1752	 1.728000e-08	 2.189837e+00	
1753	 1.828000e-08	 2.189837e+00	
1754	 1.928000e-08	 2.189837e+00	
1755	 2.028000e-08	 2.189837e+00	
1756	 2.128000e-08	 2.189837e+00	
1757	 2.228000e-08	 2.189837e+00	
1758	 2.328000e-08	 2.189837e+00	
1759	 2.428000e-08	 2.189837e+00	
1760	 2.528000e-08	 2.189837e+00	
1761	 2.628000e-08	 2.189837e+00	
1762	 2.728000e-08	 2.189837e+00	
1763	 2.828000e-08	 2.189837e+00	
1764	 2.928000e-08	 2.189837e+00	
1765	 3.028000e-08	 2.189837e+00	
1766	 3.128000e-08	 2.189837e+00	
1767	 3.228000e-08	 2.189837e+00	
1768	 3.328000e-08	 2.189837e+00	
1769	 3.428000e-08	 2.189837e+00	
1770	 3.528000e-08	 2.189837e+00	
1771	 3.628000e-08	 2.189837e+00	
1772	 3.728000e-08	 2.189837e+00	
1773	 3.828000e-08	 2.189837e+00	
1774	 3.928000e-08	 2.189837e+00	
1775	 4.028000e-08	 2.189837e+00	
1776	 4.128000e-08	 2.189837e+00	
1777	 4.228000e-08	 2.189837e+00	
1778	 4.328000e-08	 2.189837e+00	
1779	 4.428000e-08	 2.189837e+00	
1780	 4.528000e-08	 2.189837e+00	
1781	 4.628000e-08	 2.189837e+00	
1782	 4.728000e-08	 2.189837e+00	
1783	 4.828000e-08	 2.189837e+00	
1784	 4.928000e-08	 2.189837e+00	
1785	 5.028000e-08	 2.189837e+00	
1786	 5.128000e-08	 2.189837e+00	
1787	 5.228000e-08	 2.189837e+00	
1788	 5.328000e-08	 2.189837e+00	
1789	 5.428000e-08	 2.189837e+00	
1790	 5.528000e-08	 2.189837e+00	
1791	 5.628000e-08	 2.189837e+00	
1792	 5.728000e-08	 2.189837e+00	
1793	 5.828000e-08	 2.189837e+00	
1794	 5.928000e-08	 2.189837e+00	

Index   time            v(2)            
--------------------------------------------------------------------------------
1795	 6.028000e-08	 2.189837e+00	
1796	 6.128000e-08	 2.189837e+00	
1797	 6.228000e-08	 2.189837e+00	
1798	 6.328000e-08	 2.189837e+00	
1799	 6.428000e-08	 2.189837e+00	
1800	 6.528000e-08	 2.189837e+00	
1801	 6.628000e-08	 2.189837e+00	
1802	 6.728000e-08	 2.189837e+00	
1803	 6.828000e-08	 2.189837e+00	
1804	 6.928000e-08	 2.189837e+00	
1805	 7.028000e-08	 2.189837e+00	
1806	 7.128000e-08	 2.189837e+00	
1807	 7.228000e-08	 2.189837e+00	
1808	 7.328000e-08	 2.189837e+00	
1809	 7.428000e-08	 2.189837e+00	
1810	 7.528000e-08	 2.189837e+00	
1811	 7.628000e-08	 2.189837e+00	
1812	 7.728000e-08	 2.189837e+00	
1813	 7.828000e-08	 2.189837e+00	
1814	 7.928000e-08	 2.189837e+00	
1815	 8.028000e-08	 2.189837e+00	
1816	 8.128000e-08	 2.189837e+00	
1817	 8.228000e-08	 2.189837e+00	
1818	 8.328000e-08	 2.189837e+00	
1819	 8.428000e-08	 2.189837e+00	
1820	 8.528000e-08	 2.189837e+00	
1821	 8.628000e-08	 2.189837e+00	
1822	 8.728000e-08	 2.189837e+00	
1823	 8.828000e-08	 2.189837e+00	
1824	 8.928000e-08	 2.189837e+00	
1825	 9.028000e-08	 2.189837e+00	
1826	 9.128000e-08	 2.189837e+00	
1827	 9.228000e-08	 2.189837e+00	
1828	 9.328000e-08	 2.189837e+00	
1829	 9.428000e-08	 2.189837e+00	
1830	 9.528000e-08	 2.189837e+00	
1831	 9.628000e-08	 2.189837e+00	
1832	 9.728000e-08	 2.189837e+00	
1833	 9.828000e-08	 2.189837e+00	
1834	 9.928000e-08	 2.189837e+00	
1835	 1.000000e-07	 2.189837e+00	
1836	 0.000000e+00	 2.202838e+00	
1837	 1.000000e-11	 2.202838e+00	
1838	 2.000000e-11	 2.202838e+00	
1839	 4.000000e-11	 2.202838e+00	
1840	 8.000000e-11	 2.202838e+00	
1841	 1.600000e-10	 2.202838e+00	
1842	 3.200000e-10	 2.202838e+00	
1843	 6.400000e-10	 2.202838e+00	
1844	 1.280000e-09	 2.202838e+00	
1845	 2.280000e-09	 2.202838e+00	
1846	 3.280000e-09	 2.202838e+00	
1847	 4.280000e-09	 2.202838e+00	
1848	 5.280000e-09	 2.202838e+00	
1849	 6.280000e-09	 2.202838e+00	
1850	 7.280000e-09	 2.202838e+00	
1851	 8.280000e-09	 2.202838e+00	
1852	 9.280000e-09	 2.202838e+00	

Index   time            v(2)            
--------------------------------------------------------------------------------
1853	 1.028000e-08	 2.202838e+00	
1854	 1.128000e-08	 2.202838e+00	
1855	 1.228000e-08	 2.202838e+00	
1856	 1.328000e-08	 2.202838e+00	
1857	 1.428000e-08	 2.202838e+00	
1858	 1.528000e-08	 2.202838e+00	
1859	 1.628000e-08	 2.202838e+00	
1860	 1.728000e-08	 2.202838e+00	
1861	 1.828000e-08	 2.202838e+00	
1862	 1.928000e-08	 2.202838e+00	
1863	 2.028000e-08	 2.202838e+00	
1864	 2.128000e-08	 2.202838e+00	
1865	 2.228000e-08	 2.202838e+00	
1866	 2.328000e-08	 2.202838e+00	
1867	 2.428000e-08	 2.202838e+00	
1868	 2.528000e-08	 2.202838e+00	
1869	 2.628000e-08	 2.202838e+00	
1870	 2.728000e-08	 2.202838e+00	
1871	 2.828000e-08	 2.202838e+00	
1872	 2.928000e-08	 2.202838e+00	
1873	 3.028000e-08	 2.202838e+00	
1874	 3.128000e-08	 2.202838e+00	
1875	 3.228000e-08	 2.202838e+00	
1876	 3.328000e-08	 2.202838e+00	
1877	 3.428000e-08	 2.202838e+00	
1878	 3.528000e-08	 2.202838e+00	
1879	 3.628000e-08	 2.202838e+00	
1880	 3.728000e-08	 2.202838e+00	
1881	 3.828000e-08	 2.202838e+00	
1882	 3.928000e-08	 2.202838e+00	
1883	 4.028000e-08	 2.202838e+00	
1884	 4.128000e-08	 2.202838e+00	
1885	 4.228000e-08	 2.202838e+00	
1886	 4.328000e-08	 2.202838e+00	
1887	 4.428000e-08	 2.202838e+00	
1888	 4.528000e-08	 2.202838e+00	
1889	 4.628000e-08	 2.202838e+00	
1890	 4.728000e-08	 2.202838e+00	
1891	 4.828000e-08	 2.202838e+00	
1892	 4.928000e-08	 2.202838e+00	
1893	 5.028000e-08	 2.202838e+00	
1894	 5.128000e-08	 2.202838e+00	
1895	 5.228000e-08	 2.202838e+00	
1896	 5.328000e-08	 2.202838e+00	
1897	 5.428000e-08	 2.202838e+00	
1898	 5.528000e-08	 2.202838e+00	
1899	 5.628000e-08	 2.202838e+00	
1900	 5.728000e-08	 2.202838e+00	
1901	 5.828000e-08	 2.202838e+00	
1902	 5.928000e-08	 2.202838e+00	
1903	 6.028000e-08	 2.202838e+00	
1904	 6.128000e-08	 2.202838e+00	
1905	 6.228000e-08	 2.202838e+00	
1906	 6.328000e-08	 2.202838e+00	
1907	 6.428000e-08	 2.202838e+00	
1908	 6.528000e-08	 2.202838e+00	
1909	 6.628000e-08	 2.202838e+00	
1910	 6.728000e-08	 2.202838e+00	

Index   time            v(2)            
--------------------------------------------------------------------------------
1911	 6.828000e-08	 2.202838e+00	
1912	 6.928000e-08	 2.202838e+00	
1913	 7.028000e-08	 2.202838e+00	
1914	 7.128000e-08	 2.202838e+00	
1915	 7.228000e-08	 2.202838e+00	
1916	 7.328000e-08	 2.202838e+00	
1917	 7.428000e-08	 2.202838e+00	
1918	 7.528000e-08	 2.202838e+00	
1919	 7.628000e-08	 2.202838e+00	
1920	 7.728000e-08	 2.202838e+00	
1921	 7.828000e-08	 2.202838e+00	
1922	 7.928000e-08	 2.202838e+00	
1923	 8.028000e-08	 2.202838e+00	
1924	 8.128000e-08	 2.202838e+00	
1925	 8.228000e-08	 2.202838e+00	
1926	 8.328000e-08	 2.202838e+00	
1927	 8.428000e-08	 2.202838e+00	
1928	 8.528000e-08	 2.202838e+00	
1929	 8.628000e-08	 2.202838e+00	
1930	 8.728000e-08	 2.202838e+00	
1931	 8.828000e-08	 2.202838e+00	
1932	 8.928000e-08	 2.202838e+00	
1933	 9.028000e-08	 2.202838e+00	
1934	 9.128000e-08	 2.202838e+00	
1935	 9.228000e-08	 2.202838e+00	
1936	 9.328000e-08	 2.202838e+00	
1937	 9.428000e-08	 2.202838e+00	
1938	 9.528000e-08	 2.202838e+00	
1939	 9.628000e-08	 2.202838e+00	
1940	 9.728000e-08	 2.202838e+00	
1941	 9.828000e-08	 2.202838e+00	
1942	 9.928000e-08	 2.202838e+00	
1943	 1.000000e-07	 2.202838e+00	
1944	 0.000000e+00	 2.215861e+00	
1945	 1.000000e-11	 2.215861e+00	
1946	 2.000000e-11	 2.215861e+00	
1947	 4.000000e-11	 2.215861e+00	
1948	 8.000000e-11	 2.215861e+00	
1949	 1.600000e-10	 2.215861e+00	
1950	 3.200000e-10	 2.215861e+00	
1951	 6.400000e-10	 2.215861e+00	
1952	 1.280000e-09	 2.215861e+00	
1953	 2.280000e-09	 2.215861e+00	
1954	 3.280000e-09	 2.215861e+00	
1955	 4.280000e-09	 2.215861e+00	
1956	 5.280000e-09	 2.215861e+00	
1957	 6.280000e-09	 2.215861e+00	
1958	 7.280000e-09	 2.215861e+00	
1959	 8.280000e-09	 2.215861e+00	
1960	 9.280000e-09	 2.215861e+00	
1961	 1.028000e-08	 2.215861e+00	
1962	 1.128000e-08	 2.215861e+00	
1963	 1.228000e-08	 2.215861e+00	
1964	 1.328000e-08	 2.215861e+00	
1965	 1.428000e-08	 2.215861e+00	
1966	 1.528000e-08	 2.215861e+00	
1967	 1.628000e-08	 2.215861e+00	
1968	 1.728000e-08	 2.215861e+00	

Index   time            v(2)            
--------------------------------------------------------------------------------
1969	 1.828000e-08	 2.215861e+00	
1970	 1.928000e-08	 2.215861e+00	
1971	 2.028000e-08	 2.215861e+00	
1972	 2.128000e-08	 2.215861e+00	
1973	 2.228000e-08	 2.215861e+00	
1974	 2.328000e-08	 2.215861e+00	
1975	 2.428000e-08	 2.215861e+00	
1976	 2.528000e-08	 2.215861e+00	
1977	 2.628000e-08	 2.215861e+00	
1978	 2.728000e-08	 2.215861e+00	
1979	 2.828000e-08	 2.215861e+00	
1980	 2.928000e-08	 2.215861e+00	
1981	 3.028000e-08	 2.215861e+00	
1982	 3.128000e-08	 2.215861e+00	
1983	 3.228000e-08	 2.215861e+00	
1984	 3.328000e-08	 2.215861e+00	
1985	 3.428000e-08	 2.215861e+00	
1986	 3.528000e-08	 2.215861e+00	
1987	 3.628000e-08	 2.215861e+00	
1988	 3.728000e-08	 2.215861e+00	
1989	 3.828000e-08	 2.215861e+00	
1990	 3.928000e-08	 2.215861e+00	
1991	 4.028000e-08	 2.215861e+00	
1992	 4.128000e-08	 2.215861e+00	
1993	 4.228000e-08	 2.215861e+00	
1994	 4.328000e-08	 2.215861e+00	
1995	 4.428000e-08	 2.215861e+00	
1996	 4.528000e-08	 2.215861e+00	
1997	 4.628000e-08	 2.215861e+00	
1998	 4.728000e-08	 2.215861e+00	
1999	 4.828000e-08	 2.215861e+00	
2000	 4.928000e-08	 2.215861e+00	
2001	 5.028000e-08	 2.215861e+00	
2002	 5.128000e-08	 2.215861e+00	
2003	 5.228000e-08	 2.215861e+00	
2004	 5.328000e-08	 2.215861e+00	
2005	 5.428000e-08	 2.215861e+00	
2006	 5.528000e-08	 2.215861e+00	
2007	 5.628000e-08	 2.215861e+00	
2008	 5.728000e-08	 2.215861e+00	
2009	 5.828000e-08	 2.215861e+00	
2010	 5.928000e-08	 2.215861e+00	
2011	 6.028000e-08	 2.215861e+00	
2012	 6.128000e-08	 2.215861e+00	
2013	 6.228000e-08	 2.215861e+00	
2014	 6.328000e-08	 2.215861e+00	
2015	 6.428000e-08	 2.215861e+00	
2016	 6.528000e-08	 2.215861e+00	
2017	 6.628000e-08	 2.215861e+00	
2018	 6.728000e-08	 2.215861e+00	
2019	 6.828000e-08	 2.215861e+00	
2020	 6.928000e-08	 2.215861e+00	
2021	 7.028000e-08	 2.215861e+00	
2022	 7.128000e-08	 2.215861e+00	
2023	 7.228000e-08	 2.215861e+00	
2024	 7.328000e-08	 2.215861e+00	
2025	 7.428000e-08	 2.215861e+00	
2026	 7.528000e-08	 2.215861e+00	

Index   time            v(2)            
--------------------------------------------------------------------------------
2027	 7.628000e-08	 2.215861e+00	
2028	 7.728000e-08	 2.215861e+00	
2029	 7.828000e-08	 2.215861e+00	
2030	 7.928000e-08	 2.215861e+00	
2031	 8.028000e-08	 2.215861e+00	
2032	 8.128000e-08	 2.215861e+00	
2033	 8.228000e-08	 2.215861e+00	
2034	 8.328000e-08	 2.215861e+00	
2035	 8.428000e-08	 2.215861e+00	
2036	 8.528000e-08	 2.215861e+00	
2037	 8.628000e-08	 2.215861e+00	
2038	 8.728000e-08	 2.215861e+00	
2039	 8.828000e-08	 2.215861e+00	
2040	 8.928000e-08	 2.215861e+00	
2041	 9.028000e-08	 2.215861e+00	
2042	 9.128000e-08	 2.215861e+00	
2043	 9.228000e-08	 2.215861e+00	
2044	 9.328000e-08	 2.215861e+00	
2045	 9.428000e-08	 2.215861e+00	
2046	 9.528000e-08	 2.215861e+00	
2047	 9.628000e-08	 2.215861e+00	
2048	 9.728000e-08	 2.215861e+00	
2049	 9.828000e-08	 2.215861e+00	
2050	 9.928000e-08	 2.215861e+00	
2051	 1.000000e-07	 2.215861e+00	
